Omicr 23 01 55.2 42 19 34 3.6 
23 02 36.3 42 45 28 5.1 
23 04 10.8 50 03 06 4.6 
23 07 39.3 46 23 14 5.3 
23 07 45.2 49 17 44 5.7 
23 10 27.4 43 32 41 5.9 
23 12 32.9 49 24 22 4.5 
23 17 44.6 49 00 55 4.8 
23 18 23.3 41 46 25 6.0 
23 19 29.8 48 37 31 5.4 
23 19 52.4 42 04 41 5.8 
23 20 53.2 38 10 57 5.8 
23 27 07.3 42 54 43 5.7 
23 31 17.2 39 14 11 5.2 
23 34 37.6 40 14 12 5.6 
23 37 32.0 44 25 45 5.8 
Lambd 23 37 33.7 46 27 33 3.9 
Iota 23 38 08.2 43 16 05 4.3 
23 39 08.3 50 28 18 5.3 
Kappa 23 40 24.4 44 20 02 4.1 
Psi 23 46 02.0 46 25 13 5.0 
23 49 41.0 36 25 31 5.9 
23 55 33.5 47 21 21 6.0 
23 57 03.6 42 39 30 6.0 
Alpha 00 08 23.2 29 05 27 2.1 Alpheratz 
00 10 19.2 46 04 20 5.0 
00 13 30.9 41 02 09 5.7 
Thêta 00 17 05.5 38 40 54 4.6 
Sigma 00 18 19.7 36 47 07 4.5 
00 18 38.2 31 31 02 5.9 
00 20 24.4 30 56 08 5.9 
00 20 45.5 32 54 40 5.8 
Rhô 00 21 07.2 37 58 07 5.2 
00 28 13.6 44 23 40 5.2 
00 30 07.3 29 45 06 5.2 
00 31 25.6 33 34 54 5.9 
00 36 46.5 44 29 19 5.1 
Pi 00 36 52.8 33 43 10 4.3 
00 37 21.2 35 23 58 5.4 
Epsil 00 38 33.5 29 18 45 4.3 
Delta 00 39 19.6 30 51 40 3.3 Sadiradra 
00 41 07.2 39 27 31 5.3 
00 46 10.8 44 51 41 6.0 
Dzêta 00 47 20.4 24 16 03 4.1 
Nu 00 49 48.8 41 04 44 4.5 
00 54 58.0 23 37 42 5.5 
Mu 00 56 45.1 38 29 57 3.9 
Eta 00 57 12.4 23 25 04 4.4 
00 58 14.2 33 57 04 6.0 
01 00 03.5 44 42 48 6.0 
01 02 54.3 41 20 43 5.9 
01 08 00.7 43 56 32 5.0 
Phi 01 09 30.1 47 14 31 4.3 
Bêta 01 09 43.8 35 37 15 2.1 Mirach
01 10 18.8 42 04 54 5.7 
01 11 10.3 37 43 27 5.8 
Ksi 01 22 20.4 45 31 44 4.9 Adhil
01 23 40.6 37 42 54 5.6 
01 26 18.6 43 27 28 6.0 
Oméga 01 27 39.1 45 24 25 4.8 
A 01 30 06.1 47 00 27 5.3 
01 34 16.6 37 14 14 5.9 
Upsil 01 36 48.0 41 24 23 4.1 Azab
01 37 59.5 48 37 43 3.6 Anfal
Khi 01 39 21.0 44 23 10 5.0 
Tau 01 40 34.8 40 34 38 5.0 
01 40 39.6 43 17 52 5.6 
01 41 46.5 42 36 50 5.0 
01 48 38.8 37 57 11 5.9 
01 53 17.4 40 43 47 5.4 
01 55 54.5 37 16 40 5.9 
01 56 09.2 37 15 06 5.7 
Gamma 02 03 53.9 42 19 47 2.1 Almach 
02 08 29.1 37 51 33 4.8 
b 02 13 13.3 44 13 54 4.8 
02 13 36.0 51 03 58 5.3 6 Per
c 02 19 16.8 47 22 48 5.3 
02 20 58.2 50 09 06 5.6 
02 22 50.4 41 23 48 5.8 
02 24 24.9 50 00 24 5.2 
02 25 37.4 50 16 43 4.7 
02 35 38.7 37 18 44 5.7 
02 36 57.1 38 44 02 5.9 
