07 56 59.5 15 47 25 5.8 
07 58 31.5 16 31 07 6.0 
08 00 47.3 17 18 31 5.6 
Oméga1 08 00 55.9 25 23 34 5.9 
08 01 30.3 16 27 19 6.0 
08 05 04.5 13 07 06 5.1 
Mu-1 08 06 18.4 22 38 08 6.0 
Mu-2 08 07 45.8 21 34 55 5.3 
Psi 08 10 27.2 25 30 29 5.7 
Dzêta 08 12 12.7 17 38 53 4.7 Tegmine 
08 12 59.7 16 30 52 6.0 
08 13 08.9 29 39 24 5.6 
Bêta 08 16 30.9 09 11 08 3.5 Tarf
Khi 08 20 03.9 27 13 07 5.1 
08 20 20.9 20 44 52 5.8 
Lambd 08 20 32.1 24 01 20 5.9 
d-1 08 23 21.9 18 19 56 5.9 
08 25 54.8 07 33 52 5.1 
Phi-1 08 26 27.7 27 53 38 5.6 
08 26 43.9 12 39 18 5.6 
08 28 36.8 24 08 42 6.0 
08 28 37.3 14 12 39 5.9 
Upsil1 08 31 30.6 24 04 52 5.7 
Thêta 08 31 35.8 18 05 40 5.3 
Eta 08 32 42.5 20 26 29 5.3 
08 34 13.3 08 27 09 6.0 
08 35 51.1 06 37 14 5.9 
c 08 37 05.8 09 39 20 5.9 
08 38 19.0 32 48 07 6.0 
A-1 08 43 12.3 12 40 51 5.6 
Gamma 08 43 17.2 21 28 07 4.7 Asellus-Borealis
Delta 08 44 41.1 18 09 18 3.9 Asellus-Australis
b 08 44 45.0 10 04 54 5.6 
Iota 08 46 41.8 28 45 36 4.0 Decapoda
A-2 08 46 56.1 12 06 36 5.9 
Sigma1 08 52 34.6 32 28 27 5.7 
Rhô-1 08 52 36.1 28 19 53 5.9 
08 54 14.7 30 34 45 5.6 
Rhô-2 08 55 39.7 27 55 39 5.2 
08 55 55.6 11 37 34 5.4 
Sigma2 08 56 56.6 32 54 38 5.4 
Omicr1 08 57 14.9 15 19 22 5.2 
Omicr2 08 57 35.2 15 34 52 5.7 
Alpha 08 58 29.2 11 51 28 4.3 Acubens
Sigma3 08 59 32.7 32 25 07 5.2 
09 01 24.1 32 15 08 5.9 
Nu 09 02 44.3 24 27 11 5.4 
09 02 44.8 07 17 54 5.8 
Kappa 09 07 44.8 10 40 06 5.2 
Tau 09 08 00.1 29 39 15 5.4 
09 08 47.4 26 37 48 6.0 
Ksi 09 09 21.5 22 02 44 5.1 
09 10 20.9 21 59 47 6.0 
Pi-2 09 15 13.9 14 56 30 5.3 
