23 00 05.1 56 56 43 5.1 
23 06 36.8 59 25 11 4.8 
23 09 44.1 59 19 58 5.7 
23 13 14.7 57 10 03 5.6 
23 16 42.2 53 12 51 5.6 
23 22 32.5 60 08 01 5.5 
23 24 50.2 62 16 58 5.0 
23 30 01.9 58 32 56 4.9 
23 47 01.9 57 27 05 5.5 
Tau 23 47 03.4 58 39 07 4.9 
23 48 50.2 62 12 52 5.6 
Rhô 23 54 23.0 57 29 58 4.5 
23 55 33.8 57 24 44 6.0 
23 57 08.5 55 42 21 5.6 
Sigma 23 59 00.5 55 45 18 5.0 
00 01 37.0 61 13 22 5.6 
00 02 36.1 66 05 56 5.8 
00 04 13.7 62 17 16 5.9 
00 05 06.1 61 18 50 5.8 
00 06 26.5 64 11 46 5.6 
Bêta 00 09 10.1 59 09 01 2.3 Caph
00 16 57.1 61 31 59 5.7 
00 17 09.0 47 56 51 5.9 
00 24 15.6 52 01 12 5.6 
00 24 47.5 61 49 52 5.4 
00 25 06.4 53 02 48 5.7 
00 30 19.9 59 58 39 5.9 
00 31 41.2 52 50 22 5.6 
Lambd 00 31 46.3 54 31 20 4.7 
Kappa 00 33 00.0 62 55 54 4.2 
00 33 10.3 54 53 42 5.9 
00 36 08.3 54 10 06 5.1 
00 36 27.3 60 19 34 5.8 
Dzêta 00 36 58.3 53 53 49 3.7 
00 39 09.9 49 21 17 5.4 
Alpha 00 40 30.4 56 32 15 2.2 Schedar
00 42 03.4 66 08 51 5.8 
Ksi 00 42 03.9 50 30 45 4.8 
Pi 00 43 28.1 47 01 29 4.9 
00 44 26.2 47 51 50 5.6 
Omicr 00 44 43.5 48 17 04 4.5 
00 45 17.2 55 13 17 5.4 
00 45 39.1 74 59 17 5.6 
00 47 46.0 74 50 51 5.4 
00 48 08.9 72 40 28 5.9 
Nu 00 48 50.0 50 58 05 4.9 
Eta 00 49 05.1 57 49 00 3.5 Achird
00 50 43.6 64 14 51 5.4 
00 53 04.3 61 07 25 4.8 
Upsil1 00 55 00.2 58 58 22 4.8 
Upsil2 00 56 40.0 59 10 52 4.6 
Gamma 00 56 42.5 60 43 00 2.2 Cih 
00 56 46.9 60 21 46 5.6 
00 58 31.0 66 21 07 6.0 
01 03 37.0 61 04 29 6.0 
01 04 02.4 52 30 08 6.0 
01 04 19.5 61 34 49 5.8 
Mu 01 08 12.9 54 55 27 5.2 
01 08 33.4 58 15 49 5.8 
01 10 39.3 68 46 43 5.3 
Thêta 01 11 05.9 55 09 00 4.3 Marfak
01 11 25.5 64 12 10 5.5 
01 11 41.4 65 01 08 5.6 
01 16 11.9 71 44 38 5.9 
Phi 01 20 04.9 58 13 54 5.0 
Delta 01 25 48.6 60 14 07 2.7 Ruchbah
Psi 01 25 55.9 68 07 48 4.7 
01 31 13.5 70 15 53 5.8 
01 33 25.7 58 19 38 5.7 
Khi 01 33 55.9 59 13 56 4.7 
01 38 07.6 57 58 40 5.5 
01 38 30.9 73 02 24 5.3 
01 42 20.4 68 02 35 5.6 
01 42 55.7 70 37 21 5.2 
01 43 19.7 60 33 05 5.8 
01 47 44.1 63 51 11 5.6 
Epsil 01 54 23.7 63 40 13 3.3 Segin
Oméga 01 56 00.0 68 41 07 5.0 
01 58 33.2 61 41 52 6.0 
01 59 38.0 64 37 18 5.3 
A 02 01 57.5 70 54 25 4.5 
02 02 52.5 64 54 05 6.0 
02 03 00.2 64 23 24 5.6 
02 03 26.2 72 25 16 3.9 
02 05 07.1 77 16 53 5.3 
02 05 31.6 76 06 54 5.2 
Iota 02 29 04.0 67 24 09 4.6 
02 37 36.0 65 44 43 5.8 
02 38 02.1 72 49 06 5.2 
02 44 49.7 67 49 29 5.9 
02 51 58.7 68 53 19 6.0 
02 55 56.7 61 31 16 5.6 
03 07 19.0 64 03 27 5.9 
03 11 56.2 74 23 38 4.8 