Kappa 20 08 53.3 77 42 41 4.4 
20 13 27.6 60 38 26 5.8 
Thêta 20 29 34.8 62 59 39 4.2 Al Kidr
20 40 17.9 60 30 17 6.0 
20 43 11.0 66 39 27 5.6 
20 44 22.0 56 29 18 5.9 
Eta 20 45 17.3 61 50 12 3.4 Al Agemim
20 45 21.2 57 34 49 4.5 
20 54 44.3 75 55 32 6.0 
20 59 25.3 59 26 19 5.5 
21 05 29.2 78 07 35 5.9 77 Dra
21 06 23.4 71 25 55 5.9 
21 11 48.2 59 59 12 5.8 
21 15 42.4 77 00 44 5.9 
21 17 14.2 55 47 53 6.0 
Alpha 21 18 34.6 62 35 08 2.5 Alderamin
21 19 15.7 58 37 25 5.7 
21 19 22.2 64 52 19 5.2 
21 24 49.4 80 31 29 6.0 
21 27 46.2 66 48 33 5.4 
Bêta 21 28 39.6 70 33 39 3.2 Alfirk
21 30 59.3 60 27 34 5.5 
21 37 55.2 62 04 55 4.8 
21 38 57.6 57 29 21 5.7 
21 41 55.1 71 18 40 4.5 
21 43 04.1 72 19 13 5.2 78 Dra
Mu 21 43 30.5 58 46 48 4.0 Erakis
21 44 53.3 62 27 38 5.9 
Nu 21 45 26.9 61 07 15 4.3 Cor Regis
21 47 25.3 60 41 34 5.5 
21 52 01.0 55 47 48 5.7 
21 54 53.2 56 36 40 5.8 
21 55 31.0 65 19 15 6.0 
21 56 39.1 63 37 32 5.2 
21 58 53.5 62 41 53 6.0 
21 59 15.1 73 10 49 5.0 
22 02 04.6 58 00 01 5.5 
Ksi 22 03 47.2 64 37 40 4.4 Kurhah
22 03 52.9 63 07 11 5.3 
22 05 00.5 62 47 08 5.3 
22 05 08.8 62 16 47 5.1 
22 09 48.4 72 20 28 4.8 
22 10 38.9 70 07 57 5.5 
Dzêta 22 10 51.3 58 12 04 3.3 
Lambd 22 11 30.6 59 24 52 5.1 
22 11 48.5 56 50 21 5.3 
22 12 02.0 60 45 33 5.4 
22 12 22.4 63 17 28 5.8 
22 13 10.2 86 06 28 5.3 
Epsil 22 15 01.7 57 02 36 4.2 Phicares
22 16 26.5 57 13 13 5.9 
22 18 12.6 62 48 16 5.7 
22 23 00.5 62 25 10 6.0 
22 26 00.8 70 46 15 5.5 
Rhô1 22 26 42.4 78 47 09 5.8 
22 27 05.3 65 07 56 5.5 
Delta 22 29 10.2 58 24 55 4.1 Alrediph
Rhô2 22 29 53.0 78 49 28 5.4 
22 32 16.3 76 13 35 5.7 
22 33 02.7 69 54 48 6.0 
22 35 45.8 73 38 35 5.1 
22 37 12.9 75 22 18 5.8 
22 38 39.1 63 35 04 5.2 
22 47 28.9 83 09 13 4.8 
Iota 22 49 40.9 66 12 03 3.5 Alvahet
22 51 02.9 85 22 24 5.9 
22 51 22.5 61 41 48 5.8 
22 53 03.8 60 06 04 6.0 
22 54 24.4 84 20 46 4.7 
23 03 32.8 67 12 33 5.2 
Pi 23 07 53.8 75 23 15 4.4 
23 14 37.0 74 13 53 5.9 
23 15 37.7 70 53 17 5.5 
Omicr 23 18 37.4 68 06 41 4.8 
23 26 59.9 87 18 27 5.6 
23 27 16.4 70 21 35 5.6 
23 34 59.0 71 38 31 5.9 
23 39 10.2 75 17 34 5.9 
Gamma 23 39 21.0 77 37 55 3.2 Arrai 
23 39 21.2 74 00 09 6.0 
23 46 36.7 66 46 56 5.9 
23 47 54.7 67 48 25 5.0 
00 04 41.8 67 09 59 5.7 
00 09 19.8 79 42 53 6.0 
00 54 52.8 83 42 27 5.6 
01 08 44.2 86 15 26 4.2 2UMi
01 12 16.5 79 40 26 5.6 
02 02 57.0 77 54 59 6.0 
02 09 25.4 81 17 45 6.0 
02 47 47.6 81 26 55 5.8 
03 06 08.0 79 25 07 5.5 
03 11 42.9 81 28 15 5.9 
03 20 19.6 77 44 06 5.4 
03 32 19.7 84 54 41 5.6 
04 10 00.2 86 37 35 5.8 
04 10 02.8 80 41 55 5.1 
04 27 02.9 80 49 27 5.4 
04 28 13.3 83 48 28 5.5 
04 30 00.6 83 20 24 5.5 
05 00 20.7 81 11 38 5.1 
07 40 31.1 87 01 13 5.0 