Khi 15 52 40.2 42 27 00 4.6 
15 54 37.9 43 08 18 5.4 
15 55 30.6 42 33 58 5.7 
15 59 04.4 49 52 52 6.0 
r 16 01 14.3 17 49 05 5.1 
Upsil 16 02 47.9 46 02 13 4.7 
Kappa 16 08 04.5 17 02 49 5.0 Marfik
Phi 16 08 46.2 44 56 05 4.2 
16 11 38.0 23 29 41 5.8 
16 11 47.6 42 22 28 5.9 
16 13 15.4 05 01 16 5.5 
16 15 28.7 18 48 30 5.7 
16 19 11.2 49 02 17 5.9 
Tau 16 19 44.4 46 18 48 3.9 Rukbalgethi-Shemali
16 19 55.2 39 42 31 5.5 
16 20 04.3 21 07 58 6.0 
Gamma 16 21 55.2 19 09 11 3.7 Biceps
o 16 24 10.8 06 56 53 5.8 
16 25 24.2 37 23 39 5.5 
Oméga 16 25 24.9 14 02 00 4.6 
g 16 28 38.5 41 52 54 4.9 
Bêta 16 30 13.3 21 29 23 2.8 Kornephoros
s 16 30 33.6 20 28 46 5.2 
16 31 13.4 22 11 44 5.8 
16 31 47.2 45 35 53 5.7 
n 16 32 35.7 05 31 16 5.6 
h 16 32 36.4 11 29 18 4.8 
Sigma 16 34 06.2 42 26 13 4.2 
16 36 11.2 46 36 48 5.8 
16 38 44.9 48 55 42 4.9 
16 40 38.7 04 13 11 5.8 
Dzêta 16 41 17.5 31 36 07 2.8 Rutilicus
16 41 36.7 26 55 01 5.9 
Eta 16 42 53.7 38 55 21 3.5 Sophian
16 43 51.7 34 02 19 6.0 
16 45 22.5 15 44 43 5.6 
i 16 45 49.9 08 34 57 5.1 
16 47 19.7 42 14 20 5.9 
l 16 47 46.4 05 14 49 5.2 
16 49 14.2 45 59 00 4.8 
16 49 34.7 13 15 40 5.9 
k 16 50 19.4 07 14 52 5.5 
16 50 39.0 29 48 24 5.7 
16 51 45.3 24 39 23 5.0 
16 52 58.1 31 42 06 5.3 
16 53 17.6 47 24 59 6.0 
16 54 55.1 20 57 31 5.4 
16 55 22.2 18 25 59 5.4 
Epsil 17 00 17.4 30 55 35 3.9 Cujam
17 00 58.1 22 37 56 5.7 
d 17 01 36.4 33 34 06 5.3 
17 02 18.7 25 30 19 5.8 
17 03 07.9 14 05 32 5.0 32-Oph
17 03 39.3 13 36 20 5.9 
17 05 22.7 12 44 27 4.9 
17 06 18.1 22 05 03 5.6 
c 17 08 02.1 35 56 07 5.4 
17 09 33.3 40 46 37 5.1 
Alpha 17 14 38.9 14 23 25 2.8 Ras-Algethi
Delta 17 15 01.9 24 50 23 3.1 Sarin
Pi 17 15 02.9 36 48 33 3.1 Fudail
17 15 41.5 23 44 34 6.0 
u 17 17 19.6 33 06 00 4.8 
e 17 17 40.3 37 17 29 4.6 
17 18 04.9 17 19 04 6.0 
17 18 23.3 38 48 40 6.0 
17 18 48.5 28 49 23 5.7 
17 20 09.8 25 32 16 5.4 
17 20 18.9 18 03 26 5.0 
17 20 21.1 46 14 26 5.5 
w 17 20 39.5 32 28 13 5.4 
17 20 54.2 24 29 58 5.1 
17 21 43.6 39 58 29 5.6 
Rhô 17 23 41.0 37 08 45 4.1 
17 24 06.6 22 57 37 5.7 
17 24 31.5 16 18 04 5.7 
x 17 26 44.2 48 15 36 5.8 
17 26 46.2 34 41 45 5.9 
17 26 49.1 20 04 51 5.5 
Lambd 17 30 44.3 26 06 38 4.4 Masym
17 30 55.4 31 09 29 5.6 
17 31 49.6 28 24 27 5.7 
17 33 07.3 41 14 37 5.7 
17 33 22.8 19 15 25 5.6 
17 33 39.4 16 19 04 5.7 
17 36 36.7 30 47 07 6.0 
y 17 36 37.6 48 35 08 5.4 
17 37 31.1 24 18 36 5.8 
Iota 17 39 27.9 46 00 23 3.8 
17 41 58.6 15 57 08 5.5 
17 42 28.4 24 33 52 5.6 
17 43 21.6 24 19 40 5.7 
Mu 17 46 27.7 27 43 21 3.4 Melquarth
17 47 08.0 17 41 49 5.6 
17 48 24.8 20 33 56 5.7 
17 48 49.1 25 37 23 5.1 
17 50 22.9 29 19 19 5.5 
17 52 04.7 39 58 55 6.0 
f 17 53 18.0 40 00 28 5.2 
17 55 25.2 26 03 00 5.5 
17 55 50.8 22 27 51 5.6 
Thêta 17 56 15.2 37 15 02 3.8 Rukbalgethi-Genubi
Ksi 17 57 45.8 29 14 53 3.7 Beraka
Nu 17 58 30.1 30 11 21 4.4 
17 58 42.3 36 17 16 6.0 
17 59 56.2 45 30 05 5.7 
18 00 03.4 16 45 03 4.7 
18 00 36.4 33 12 49 6.0 
18 01 30.2 21 35 44 4.3 
18 02 23.0 20 50 01 5.2 
18 05 49.6 32 13 51 5.7 
18 06 01.9 22 13 08 5.0 
b 18 07 01.6 30 33 43 5.1 
18 07 28.7 43 27 43 5.0 
Omicr 18 07 32.6 28 45 45 3.8 Atia
18 07 49.5 26 05 50 5.8 
18 07 49.6 26 06 04 5.8 
18 08 02.3 36 24 06 5.5 
18 08 45.5 20 48 52 4.4 
18 08 52.9 20 02 43 5.1 
18 09 59.0 36 27 59 5.6 
18 11 45.1 33 26 49 6.0 
A 18 11 54.2 31 24 19 5.0 
18 13 04.8 38 46 25 6.0 
18 19 10.7 24 26 46 5.3 
18 19 52.1 29 39 59 6.0 
18 20 17.9 21 57 41 4.9 
18 20 57.0 29 51 32 5.6 
t 18 21 01.0 28 52 11 5.1 
18 22 08.7 23 17 06 5.4 
18 22 49.0 17 49 36 5.3 
18 23 41.8 21 46 13 3.8 Cladus
18 25 58.8 29 49 44 5.8 
18 29 35.7 23 51 58 5.9 
18 31 04.5 16 55 43 5.8 
18 32 46.1 23 37 00 5.9 
18 35 12.6 18 12 12 5.8 
18 35 30.4 23 36 20 5.6 
18 45 39.7 20 32 50 4.2 
18 47 01.2 18 10 52 4.3 
18 48 53.4 19 19 44 5.9 
18 52 16.4 21 25 31 5.4 
18 54 44.9 22 38 42 4.6 
18 56 06.2 18 06 21 5.7 