18 44 49.9 02 03 36 5.0 
18 46 28.6 -00 57 42 5.9 
18 55 27.4 06 36 56 5.6 62-Ser
18 58 14.7 17 21 39 5.4 
18 58 46.9 13 54 24 5.9 
18 59 05.7 13 37 21 5.3 
Epsil 18 59 37.4 15 04 07 4.0 Denebokab-Borealis
i 19 01 40.8 -05 44 20 4.0 Bered
g 19 02 54.5 -03 41 56 5.4 
19 03 32.2 01 49 08 5.8 
19 04 57.7 -04 01 53 5.4 
Dzêta 19 05 24.6 13 51 49 3.0 Denebokab-Australis
Lambd 19 06 14.9 -04 52 56 3.4 Al Thalimain
19 06 58.6 11 04 17 5.1 
19 08 59.9 06 04 24 5.2 
19 12 40.7 -07 56 22 5.4 
19 13 42.7 02 17 37 5.1 
19 15 20.1 15 05 01 5.6 
19 16 26.8 14 32 41 5.7 
19 16 31.0 04 50 05 5.6 
méga1 19 17 49.0 11 35 43 5.3 
19 18 32.5 01 05 06 5.1 
A 19 19 39.3 12 22 29 5.5 
Oméga2 19 19 53.0 11 32 06 6.0 
f 19 20 32.8 -05 24 57 5.0 
19 20 35.7 -00 53 32 5.5 
19 22 21.5 -00 15 08 5.8 
b 19 24 57.8 11 56 34 5.2 
Delta 19 25 29.8 03 06 52 3.4 
19 26 24.1 13 01 25 5.8 
u 19 26 31.1 00 20 19 4.7 
19 28 20.8 02 55 48 5.8 
c 19 29 01.0 01 57 02 5.8 
19 29 22.1 14 35 46 5.6 
e 19 30 39.8 -02 47 20 5.0 
u 19 34 05.2 07 22 46 4.4 
19 35 07.3 -10 33 38 5.1 
Iota 19 36 43.3 -01 17 12 4.3 
19 36 52.4 11 16 24 6.0 
Kappa 19 36 53.4 -07 01 39 5.0 
19 37 47.3 -04 38 51 5.4 
Sigma 19 39 11.6 05 23 52 5.2 
19 40 43.3 -00 37 17 5.6 
19 41 05.5 13 48 57 6.0 
Khi 19 42 34.0 11 49 36 5.3 
psil 19 45 39.9 07 36 47 5.9 
Gamma 19 46 15.6 10 36 48 2.7 Reda
Pi 19 48 42.0 11 48 57 6.0 
19 49 02.2 -10 52 15 6.0 
Alpha 19 50 46.7 08 52 03 0.9 Altaïr
19 50 46.8 -10 45 49 5.4 
Omicr 19 51 01.5 10 24 58 5.1 
Eta 19 52 28.4 01 00 20 3.9 Bezek
19 53 18.7 -03 06 52 5.6 
19 54 08.3 -08 34 27 5.8 
si 19 54 14.8 08 27 42 4.7 
19 54 37.6 -08 13 38 5.7 
19 54 44.8 00 16 25 5.6 
Bêta 19 55 18.8 06 24 29 3.7 Alschain
Phi 19 56 14.2 11 25 25 5.3 
19 59 47.5 -09 57 26 5.6 
20 00 59.0 08 33 28 5.9 
20 03 30.0 16 01 53 5.7 14-Sge
Tau 20 04 08.3 07 16 41 5.5 
20 04 23.2 -00 42 32 5.7 
20 08 01.8 -00 40 41 6.0 
Thêta 20 11 18.3 -00 49 17 3.2 
20 13 13.9 -01 00 33 5.5 
Rhô 20 14 16.6 15 11 51 4.9 
20 19 43.2 -01 04 43 6.0 
20 23 10.7 05 20 35 5.3 
20 29 39.0 -02 53 08 4.9 
20 36 43.6 -02 33 00 4.9 
l 20 38 20.3 -01 06 18 4.3 