16 41 20.4 -48 45 47 5.6 
16 41 40.2 -49 39 06 5.7 
16 44 39.8 -53 09 08 6.0 
16 46 21.2 -58 30 13 5.7 
16 47 19.7 -58 20 29 5.6 
Eta 16 49 47.1 -59 02 29 3.8 
16 54 00.4 -57 54 33 5.9 
16 55 24.7 -63 16 11 6.0 
16 56 28.8 -52 17 01 5.9 
16 58 17.9 -50 38 28 5.5 
Dzêta 16 58 37.2 -55 59 24 3.1 
Epsil1 16 59 35.0 -53 09 38 4.1 
17 00 06.3 -54 35 49 5.6 
Epsil2 17 03 08.7 -53 14 12 5.3 
17 04 24.7 -57 42 44 5.7 
17 11 38.7 -48 52 24 5.9 
17 13 18.1 -67 11 47 5.9 
17 19 03.0 -46 38 11 5.5 
17 19 12.5 -59 41 41 5.9 
17 22 55.2 -58 00 37 5.9 
17 23 07.1 -56 31 32 5.8 
Iota 17 23 16.1 -47 28 05 5.2 
17 24 01.1 -62 51 51 5.7 
17 24 18.8 -60 40 26 5.8 
Bêta 17 25 18.0 -55 31 47 2.8 
Gamma 17 25 23.7 -56 22 40 3.3 
Kappa 17 26 00.0 -50 38 01 5.2 
17 26 52.0 -45 50 35 5.5 
17 27 12.5 -50 37 49 5.9 
17 27 57.6 -52 17 49 5.7 
17 28 38.9 -55 10 11 5.9 
Delta 17 31 06.0 -60 41 01 3.6 
17 31 23.3 -56 55 15 6.0 
17 31 49.1 -46 02 12 6.0 
Alpha 17 31 50.5 -49 52 34 2.8 
Sigma 17 35 39.6 -46 30 20 4.6 
17 37 27.3 -50 03 34 5.9 
Pi 17 38 05.6 -54 30 00 5.2 
Lambd 17 40 23.7 -49 24 55 4.8 
17 41 16.2 -46 55 19 5.8 
Mu 17 44 08.7 -51 50 01 5.1 
17 50 28.4 -53 36 45 5.7 
Thêta 18 06 37.9 -50 05 29 3.7 
