18 23 12.2 -12 00 53 5.7 
Dzêta 18 23 39.6 -08 56 04 4.7 
Gamma 18 29 11.9 -14 33 57 4.7 
18 29 46.7 -14 34 55 6.0 
18 31 25.7 -10 47 45 5.8 
18 32 43.3 -14 51 56 5.5 
18 33 39.0 -14 51 13 5.7 
18 35 02.4 -10 58 38 5.1 
Alpha 18 35 12.4 -08 14 36 3.8 Ioannina
18 40 00.4 -07 47 27 5.8 
Delta 18 42 16.4 -09 03 09 4.7 
Epsil 18 43 31.2 -08 16 31 4.9 
18 46 43.3 -10 07 30 5.7 
Bêta 18 47 10.5 -04 44 52 4.2 
18 47 29.0 -05 42 18 5.4 
18 49 41.0 -05 54 46 6.0 
18 50 58.5 -09 46 27 5.8 
18 54 43.1 -15 36 11 5.1 
Eta 18 57 03.6 -05 50 46 4.8 