Alpha 01 37 42.8 -57 14 12 0.5 Achernar
p 01 39 47.2 -56 11 47 4.7 
q1 50642 29.2 -53 44 26 5.5 0 
q2 52046 06.1 -53 31 20 5.0 0 
Khi 01 55 56.8 -51 36 35 3.7 
02 10 24.1 -50 49 32 5.5 
Phi 02 16 30.5 -51 30 44 3.5 
02 22 54.7 -51 05 32 5.9 
Kappa 02 26 59.1 -47 42 14 4.2 
s 02 39 47.9 -42 53 30 4.7 
Iota 02 40 39.9 -39 51 19 4.1 
Tau1 82 45 06.0 -18 34 22 4.5 
Tau2 82 51 02.3 -21 00 14 4.8 ngetenar
02 52 31.9 -12 46 09 6.0 
02 53 35.3 -22 22 34 5.9 
Eta 02 56 25.6 -08 53 51 3.9 Azha
02 56 37.4 -03 42 44 5.2 
02 57 23.7 -23 51 43 5.4 
02 58 05.7 -23 36 22 5.8 
Thêta 02 58 15.7 -40 18 17 2.8 Acamar
02 58 42.1 -02 46 58 5.2 
02 59 41.2 -02 27 54 5.5 
Rhô1 93 01 10.0 -07 39 46 5.7 
03 01 56.1 -09 57 41 5.8 
Tau3 93 02 23.6 -23 37 28 4.1 
Rhô2 3 02 42.3 -07 41 08 5.3 
03 02 55.8 -46 58 30 5.8 
Rhô3 93 04 16.5 -07 36 03 5.3 
03 06 33.5 -06 05 19 5.3 
03 12 25.7 -44 25 11 5.9 
Dzêta 03 15 50.0 -08 49 11 4.8 Zibal
03 18 22.1 -22 30 40 4.9 
03 18 41.1 -18 33 35 5.8 
Tau4 103 19 31.0 -21 45 29 3.7 iberfluus
e 03 19 53.2 -43 04 18 4.3 
03 21 24.0 -23 38 06 5.5 
03 28 00.9 -11 17 11 5.7 
03 29 36.0 -12 40 29 5.6 
03 29 39.2 -06 48 15 6.0 
03 29 55.2 -42 38 03 5.8 
03 30 37.0 -05 04 31 4.7 
Epsil 03 32 56.4 -09 27 30 3.7 Sadira
Tau5 103 33 47.2 -21 37 58 4.3 
03 35 57.7 -11 11 38 5.6 
03 36 17.4 -17 28 01 5.2 
y 03 37 05.7 -40 16 28 4.6 
03 38 29.3 -07 23 30 5.8 
03 39 01.1 -05 37 33 6.0 
03 40 38.3 -05 12 39 5.5 
h 03 42 50.1 -37 18 48 4.6 
Delta 03 43 15.0 -09 45 55 3.5 Rana
03 43 33.8 -10 29 08 5.6 
03 44 30.5 -01 09 47 5.2 
03 44 56.5 -00 17 48 5.6 
Pi 03 46 08.5 -12 06 06 4.4 
Tau6 3 46 51.0 -23 14 54 4.2 
Tau7 113 47 39.6 -23 52 29 5.2 
f 03 48 35.6 -37 37 17 4.3 
03 48 35.7 -20 54 11 5.8 
03 48 35.8 -37 37 12 4.7 
03 48 38.9 00 13 40 5.9 
g 03 49 27.3 -36 12 00 4.2 
03 52 41.7 -05 21 40 5.5 
i 03 53 38.9 -34 43 56 5.1 
Tau8 123 53 42.7 -24 36 44 4.6 
w 03 54 17.5 -02 57 17 4.5 
03 54 23.2 -40 21 25 5.7 
03 55 16.2 -12 05 57 6.0 
Gamma 03 58 01.7 -13 30 30 3.0 Zaurak
03 58 52.4 -05 28 10 5.8 
03 59 30.1 -12 34 28 5.6 
Tau9 123 59 55.5 -24 00 59 4.6 
04 00 40.6 -30 29 27 5.9 
04 01 32.0 -01 32 59 5.3 
04 02 36.7 -00 16 06 5.4 
04 04 22.7 -12 47 32 5.6 
04 05 37.3 -27 39 07 5.6 
04 09 17.8 -16 23 09 5.4 
04 10 22.5 -06 55 26 5.4 
04 10 47.7 -08 49 11 5.7 
04 11 36.2 -20 21 23 5.8 
Omicr1 04 11 51.9 -06 50 16 4.0 Beid
A 04 14 23.7 -10 15 21 4.9 
Omicr2 04 15 17.6 -07 38 40 4.4 Keid
04 17 19.2 -06 28 20 5.9 
Upsil4 04 17 53.6 -33 47 54 3.5 
04 20 39.0 -20 38 23 5.4 
04 20 42.8 -07 35 33 5.8 
04 21 27.1 -00 05 52 5.9 
04 23 05.7 -24 53 32 5.8 
Ksi 04 23 40.9 -03 44 43 5.2 
d 04 24 02.2 -34 01 01 4.0 
04 28 39.0 -19 27 31 5.9 
04 29 06.9 -13 02 54 5.6 
04 30 40.3 -35 39 13 5.9 
04 31 52.7 -00 02 38 4.9 
04 32 37.5 -03 12 34 5.8 
Upsil1 04 33 30.6 -29 45 57 4.5 Theemin-1
04 33 54.7 -06 44 20 5.7 
04 34 11.6 -08 13 53 5.2 
04 34 11.8 -08 58 12 5.2 
Upsil2 04 35 33.1 -30 33 44 3.8 Theemin-2
Nu 04 36 19.1 -03 21 09 3.9 
c 04 37 36.1 -02 28 24 5.2 
l 04 38 10.9 -14 18 13 3.9 Sceptrum
04 38 53.6 -12 07 23 5.0 
04 39 19.6 -14 21 32 5.5 
04 40 06.8 -24 28 57 5.6 
04 40 26.5 -19 40 17 4.3 
04 43 35.0 -08 47 44 4.6 
04 44 05.3 -08 30 13 5.8 
04 44 07.9 -18 40 00 5.5 
04 45 04.2 -21 17 00 5.7 
Mu 04 45 30.1 -03 15 17 4.0 
04 47 36.2 -16 56 06 5.5 
04 48 32.5 -16 19 46 5.8 
04 48 36.2 -05 40 24 5.8 
04 50 11.6 -16 13 02 5.0 
Oméga 04 52 53.7 -05 27 10 4.4 
04 55 06.8 -16 44 26 5.7 
04 55 18.6 -16 25 04 5.7 
b 04 56 24.2 -05 10 17 5.5 
04 59 50.4 -10 15 47 5.4 
04 59 55.7 -12 32 14 4.8 
Psi 05 01 26.3 -07 10 26 4.8 
05 02 45.4 -04 12 36 5.9 
05 06 45.6 -04 39 19 5.1 
Bêta 05 07 51.0 -05 05 11 2.8 Cursa
05 08 20.2 -08 39 55 5.8 
05 08 43.7 -04 27 22 5.1 
Lambd 05 09 08.8 -08 45 15 4.3 