02 19 54.2 -55 56 41 5.8 
Lambd 02 24 54.0 -60 18 42 5.4 
Eta 02 37 24.3 -52 32 35 5.3 
Dzêta 02 40 39.6 -54 33 00 5.2 
Iota 02 42 33.2 -50 48 03 5.4 
Gamma 02 45 27.5 -63 42 16 5.7 
Nu 02 49 01.4 -62 48 24 5.3 
02 52 18.9 -62 54 35 6.0 
Bêta 02 58 47.8 -64 04 17 5.0 
Mu 03 03 36.9 -59 44 15 5.1 
03 12 33.1 -57 19 18 5.8 
03 17 26.6 -47 45 06 5.8 
03 30 36.9 -47 22 31 6.0 
03 32 34.7 -50 22 44 5.7 
03 45 15.9 -47 21 34 5.7 
03 53 33.3 -46 53 37 5.9 
Delta 04 10 50.4 -41 59 37 4.9 
Alpha 04 14 00.1 -42 17 38 3.9 
04 19 16.6 -44 16 04 5.3 