08 11 33.0 -07 46 21 5.3 
08 19 49.8 03 56 53 6.0 
08 22 54.1 -07 32 35 5.9 
08 24 35.1 -03 45 04 5.6 
08 24 36.4 -04 43 01 6.0 
08 25 35.6 02 06 08 5.7 
C 08 25 39.7 -03 54 23 3.9 
08 26 27.2 -03 59 14 5.6 
08 28 51.0 -09 44 55 6.0 
08 33 43.5 04 45 25 5.9 
08 34 01.6 -02 09 06 5.8 
08 35 28.2 -07 58 56 5.7 
Delta 08 37 39.4 05 42 14 4.1 Mautinah
Sigma 08 38 45.4 03 20 29 4.4 Minchir
a 08 40 01.5 -12 28 31 5.0 
08 41 43.3 -15 56 35 4.9 
Eta 08 43 13.5 03 23 55 4.3 
F 08 43 40.4 -07 14 01 4.6 
08 46 02.5 -02 02 56 5.7 
D 08 46 22.5 -13 32 52 4.3 
Epsil 08 46 46.6 06 25 08 3.4 Ashlesha
08 47 15.0 -01 53 49 5.3 
Rhô 08 48 26.0 05 50 16 4.3 
08 49 21.7 -03 26 35 5.3 
08 51 34.4 -07 10 38 5.6 
08 54 18.2 -05 26 04 6.0 
08 55 12.4 -18 14 28 5.7 
Dzêta 08 55 23.7 05 56 44 3.1 Hydrobius
08 56 34.1 -16 42 31 5.9 
08 58 43.8 -16 08 00 5.8 
09 01 58.0 -00 28 58 5.6 
Oméga 09 05 58.4 05 05 32 5.0 
09 08 42.2 -08 35 22 5.6 
09 09 04.2 -18 19 43 5.7 
09 09 11.5 -12 21 28 5.8 
09 09 35.6 -08 47 15 5.5 
09 11 58.8 -19 44 52 5.7 
Thêta 09 14 21.8 02 18 54 3.9 
09 16 41.4 -08 44 41 5.5 
09 16 41.7 -06 21 11 5.2 
09 17 07.7 -14 34 27 5.8 
09 19 33.1 -15 50 04 5.8 
09 19 46.4 -11 58 30 4.8 
P 09 20 29.0 -09 33 20 4.8 
09 25 24.0 -05 07 03 5.6 
09 26 22.3 -01 27 51 6.0 
G 09 27 18.3 -22 20 36 4.7 
Alpha 09 27 35.3 -08 39 31 2.0 Alphard
09 27 46.9 -06 04 16 5.4 
Tau-1 09 29 08.8 -02 46 08 4.8 Ukdah-Prima
09 29 12.7 -20 44 57 5.6 
09 30 22.5 -15 34 38 5.8 
Tau-2 09 31 58.9 -01 11 05 4.5 Ukdah-Secunda
09 32 20.4 -19 24 01 5.7 
09 32 55.8 -13 31 01 6.0 
09 33 12.5 -21 06 57 5.0 
09 33 26.1 -22 51 50 5.9 
A 09 34 32.6 -05 54 53 5.6 
09 38 27.4 04 38 58 4.7 2 Sex
Iota 09 39 51.3 -01 08 34 3.9 
Kappa 09 40 18.4 -14 19 56 5.0 
I 09 41 17.0 -23 35 29 4.8 
09 42 14.7 -23 54 58 4.9 
Upsil1 09 51 28.7 -14 50 48 4.1 
09 54 12.4 -25 55 57 4.9 
09 54 52.2 -19 00 33 4.9 
10 04 21.0 -24 17 08 5.7 
Upsil2 10 05 07.5 -13 03 53 4.6 
10 07 09.5 -17 08 30 5.6 
10 10 06.0 -12 48 56 5.3 
Lambd 10 10 35.4 -12 21 14 3.6 
10 19 16.9 -12 31 41 6.0 
10 24 46.1 -18 38 32 5.7 
Mu 10 26 05.5 -16 50 10 3.8 
10 29 29.0 -29 39 50 5.6 
10 30 59.9 -13 35 18 5.6 
10 31 48.7 -28 14 14 6.0 
10 34 00.9 -23 44 43 5.1 
Phi-2 10 36 16.7 -16 20 40 6.0 
10 36 32.2 -12 13 43 5.7 
10 37 13.8 -27 24 46 4.9 
10 37 33.2 -13 23 04 4.9 
Phi-3 10 38 35.0 -16 52 36 4.9 
10 38 50.4 -12 26 37 6.0 
b-1 10 46 52.1 -17 17 49 5.4 
10 48 14.1 -31 41 16 5.9 
Nu 10 49 37.4 -16 11 39 3.1 Sherasiph
b-3 10 53 29.5 -20 08 17 5.2 
10 59 13.7 -33 44 15 5.7 
Khi-1 11 05 20.0 -27 17 37 4.9 
Khi-2 11 05 57.5 -27 17 16 5.7 
11 08 44.0 -28 04 50 5.4 
11 09 53.4 -32 22 03 5.8 
11 32 16.4 -29 15 41 4.9 17-Crt
11 32 54.1 -31 05 14 5.1 
Ksi 11 33 00.3 -31 51 27 3.5 
11 34 30.0 -32 50 00 6.0 
11 36 34.9 -33 34 12 5.9 
Omicr 11 40 12.8 -34 44 41 4.7 
11 41 44.0 -32 29 58 5.2 
11 48 45.1 -26 44 59 5.1 
11 51 41.6 -30 50 03 5.9 
Bêta 11 52 54.6 -33 54 29 4.3 
11 54 42.5 -25 42 51 5.3 
11 55 40.1 -28 28 37 5.9 
12 26 51.7 -32 49 48 5.6 
12 37 42.2 -27 08 19 5.4 
12 39 03.5 -30 25 20 5.9 
12 44 00.6 -28 19 26 5.5 
12 48 26.4 -27 35 50 5.7 
Psi 13 09 03.3 -23 07 05 4.9 
Gamma 13 18 55.3 -23 10 17 3.0 Cauda-Hydrae
13 32 36.0 -28 41 34 5.7 
13 36 48.5 -26 29 43 5.7 
13 38 42.1 -29 33 38 5.8 
13 45 36.9 -26 06 58 5.8 
13 54 16.8 -28 34 10 6.0 
13 58 31.2 -24 58 20 5.2 
14 00 00.2 -25 00 37 5.8 
14 02 22.8 -27 25 47 5.5 
Pi 14 06 22.3 -26 40 55 3.3 Sataghni
14 12 46.0 -27 15 40 5.1 
14 19 01.1 -25 48 59 5.9 
k 14 23 05.9 -27 45 13 4.8 
l 14 28 10.4 -29 29 30 5.0 
m 14 46 00.2 -25 26 34 5.1 
14 47 22.6 -25 37 27 5.6 
14 47 44.8 -26 05 15 5.2 
14 47 57.6 -26 38 46 5.8 
E 14 50 17.5 -27 57 37 4.4 
14 58 39.3 -27 39 26 5.7 
15 02 06.4 -28 03 38 5.8 