00 21 28.7 -77 25 37 6.0 
Bêta 00 25 39.2 -77 15 18 2.8 
Lambd 00 48 35.1 -74 55 24 5.1 
01 25 05.3 -64 22 10 5.9 
01 35 14.7 -58 08 22 6.0 
01 41 48.0 -60 47 21 5.7 
Tau-2 01 47 46.7 -80 10 34 6.0 
Eta-2 01 54 56.0 -67 38 51 4.7 
Alpha 01 58 45.9 -61 34 12 2.9 
Pi-1 02 14 14.5 -67 50 30 5.6 
Pi-2 02 15 28.6 -67 44 47 5.7 
Delta 02 21 45.0 -68 39 34 4.1 
Kappa 02 22 52.5 -73 38 45 6.0 
Mu 02 31 40.1 -79 06 33 5.3 
Epsil 02 39 35.2 -68 16 01 4.1 
Dzêta 02 45 32.5 -67 37 00 4.8 
Nu 02 50 28.5 -75 04 01 4.7 
Thêta 03 02 15.4 -71 54 09 5.5 
03 07 31.9 -78 59 22 5.7 
Iota 03 15 57.4 -77 23 19 5.5 
03 25 36.3 -69 20 12 6.0 
Gamma 03 47 14.2 -74 14 21 3.3 