Alpha 20 37 34.0 -47 17 30 3.1 Al-Nair
Eta 20 44 02.2 -51 55 15 4.5 
Dzêta 20 49 28.9 -46 13 37 4.9 
Iota 20 51 30.0 -51 36 29 5.0 
Bêta 20 54 48.6 -58 27 15 3.6 
21 00 21.6 -51 15 56 5.8 
Mu 21 05 14.2 -54 43 37 5.2 
21 15 45.8 -53 15 47 5.7 
Thêta 21 19 51.9 -53 26 57 4.5 
21 45 28.8 -71 00 32 6.0 
21 50 00.1 -64 42 45 5.6 
Omicr 21 50 47.2 -69 37 46 5.5 
21 55 11.3 -61 53 11 5.9 
Delta 21 57 55.0 -54 59 33 4.4 
22 00 24.2 -55 53 00 6.0 
Epsil 22 03 17.4 -56 46 47 4.7 
Kappa2 22 05 51.0 -59 38 09 5.6 
Nu 22 24 34.4 -72 15 14 5.3 
22 25 10.4 -70 25 53 5.8 
22 28 37.4 -67 29 20 5.6 
23 04 52.1 -68 49 13 5.5 