Thêta 00 01 35.9 -77 03 55 4.8 
Gamma3 00 10 02.3 -82 13 26 5.3 
00 13 19.5 -84 59 38 5.8 
01 37 27.8 -84 46 11 5.7 
01 37 55.0 -82 58 31 5.9 
Dzêta 08 56 41.9 -85 39 48 5.4 
12 02 20.7 -85 37 54 6.0 
Iota 12 54 58.3 -85 07 24 5.5 
Kappa 13 40 56.2 -85 47 10 5.6 
Delta 14 26 55.7 -83 40 04 4.3 
Pi-1 15 01 50.7 -83 13 40 5.6 
Pi-2 15 04 47.0 -83 02 18 5.6 
Oméga 15 11 08.8 -84 47 16 5.9 
Rhô 15 43 16.1 -84 27 56 5.6 
17 00 58.4 -86 21 51 6.0 
Phi 18 23 36.4 -75 02 40 5.5 
18 29 20.0 -80 13 57 5.9 
Khi 18 54 47.6 -87 36 20 5.3 
20 33 17.6 -80 57 53 5.8 
20 38 18.6 -81 17 20 5.9 
Mu-1 20 42 02.5 -76 10 50 6.0 
Alpha 21 04 43.0 -77 01 22 5.1 
Sigma 21 08 46.0 -88 57 23 5.4 Polaris-Australis
Nu 21 41 28.5 -77 23 22 3.7 
Lambd 21 50 54.2 -82 43 08 5.5 
22 03 03.7 -76 07 06 5.9 
Psi 22 17 50.7 -77 30 42 5.5 
Epsil 22 20 01.5 -80 26 23 5.2 
Upsil 22 31 37.8 -85 58 03 5.8 
Bêta 22 46 03.7 -81 22 54 4.1 
Ksi 22 50 22.7 -80 07 26 5.3 
Tau 23 28 03.6 -87 28 56 5.5 
23 33 19.5 -77 23 07 5.8 
23 38 23.7 -76 52 10 6.0 
23 44 40.7 -78 47 29 5.7 
Gamma1 23 52 06.7 -82 01 08 5.1 
Gamma2 23 57 33.0 -82 10 11 5.7 