Thêta 14 05 20.1 -76 47 48 5.7 
14 08 27.7 -74 51 03 6.0 
Eta 14 18 14.0 -81 00 27 4.9 
Epsil 14 22 23.2 -80 06 32 5.1 
Alpha 14 47 51.7 -79 02 41 3.8 
14 53 13.5 -73 11 25 5.8 
14 57 53.2 -76 39 45 5.4 
15 00 11.3 -77 09 38 5.9 
15 12 34.0 -72 46 14 6.0 
Kappa1 15 31 30.8 -73 23 22 5.4 
Kappa2 15 40 21.4 -73 26 48 5.6 
15 41 54.7 -76 04 55 5.9 
16 05 55.9 -72 24 04 5.7 
Delta1 16 20 20.8 -78 41 44 4.7 
Delta2 16 20 26.9 -78 40 03 5.3 
Gamma 16 33 27.5 -78 53 49 3.9 
16 34 19.4 -70 59 17 5.5 
Bêta 16 43 05.4 -77 31 00 4.2 
Dzêta 17 21 59.5 -67 46 14 4.8 
Iota 17 22 05.9 -70 07 23 5.4 
17 31 27.5 -80 51 33 5.9 
18 11 15.8 -75 53 27 5.9 
18 12 34.2 -73 40 18 5.9 