14 24 48.7 -24 48 23 5.3 
14 43 13.6 -24 59 52 5.7 
14 46 06.8 -23 09 10 5.8 
14 49 18.8 -24 15 05 5.7 
Mu 14 49 19.1 -14 08 56 5.5 
Alpha1 14 50 41.3 -15 59 50 5.1 
Alpha2 14 50 52.8 -16 02 30 2.7 Kiffa-Australis
14 51 01.0 -02 17 56 4.9 
14 54 20.1 -24 38 32 5.3 
Ksi-1 14 54 22.9 -11 53 54 5.8 
Ksi-2 14 56 46.1 -11 24 35 5.5 
14 57 11.1 -04 20 46 4.5 
14 57 27.4 -21 24 41 5.7 
14 58 53.6 -11 08 38 5.9 
Delta 15 00 58.4 -08 31 08 5.0 Zuben-Elakribi
15 01 19.8 -02 45 18 5.5 
Sigma 15 04 04.3 -25 16 55 3.3 Ankaa
Nu 15 06 37.6 -16 15 24 5.2 Zuben-Hakrabim
15 10 18.7 -26 19 57 5.7 
Iota-1 15 12 13.3 -19 47 30 4.5 
15 13 53.3 -26 11 37 5.8 
15 16 23.0 -22 23 58 5.5 
Bêta 15 17 00.5 -09 22 58 2.6 Kiffa-Borealis
15 21 07.6 -05 49 29 5.5 
15 23 52.3 -12 22 10 5.7 
Epsil 15 24 11.9 -10 19 19 4.9 
Dzêta1 15 28 15.4 -16 42 59 5.6 
Dzêta3 15 30 40.4 -16 36 34 5.8 
15 32 36.7 -19 40 13 5.5 
Dzêta4 15 32 55.2 -16 51 10 5.5 
15 34 10.5 -10 03 50 4.6 
15 34 26.5 -09 11 00 5.1 
15 34 37.3 -28 02 49 5.1 
Gamma 15 35 31.5 -14 47 22 3.9 Zuben-Elakrab
Upsil 15 37 01.5 -28 08 06 3.6 Deracrab-Borealis
15 37 48.1 -23 08 29 5.8 
15 38 16.2 -21 00 58 5.8 
Tau 15 38 39.4 -29 46 40 3.6 Deracrab-Australis
15 38 40.1 -08 47 22 4.9 
15 38 54.5 -19 18 06 5.4 
15 40 16.9 -23 49 05 5.0 
Kappa 15 41 56.8 -19 40 43 4.8 
Eta 15 44 04.4 -15 40 22 5.4 Zuben-Hakrabi
15 48 56.8 -03 49 07 5.5 30-Ser
Lambd 15 53 20.1 -20 10 01 5.0 
Thêta 15 53 49.5 -16 43 47 4.1 
15 55 00.4 -19 22 58 6.0 
15 58 11.4 -14 16 46 4.9 
16 00 20.0 -16 31 57 5.5 
16 00 47.6 -08 24 41 5.5 