08 27 59.4 -35 06 50 5.7 
08 30 28.6 -32 09 33 5.6 
08 31 30.9 -19 34 39 5.4 
08 35 28.7 -26 50 37 5.9 
Eta 08 37 52.2 -26 15 18 5.2 
08 39 08.1 -22 39 46 5.2 
Dzêta 08 39 42.5 -29 33 39 4.9 
Bêta 08 40 06.1 -35 18 30 4.0 
Alpha 08 43 35.5 -33 11 11 3.7 Al-Sumut
08 44 51.9 -37 08 50 5.7 
08 49 51.5 -32 46 49 5.2 
08 50 02.2 -29 27 47 5.9 
Gamma 08 50 32.0 -27 42 36 4.0 
Delta 08 55 31.5 -27 40 54 4.9 
Kappa 09 08 02.9 -25 51 31 4.6 
Epsil 09 09 56.4 -30 21 55 5.6 
Thêta 09 21 29.6 -25 57 55 4.7 
Lambd 09 23 12.3 -28 50 02 4.7 