00 03 44.4 -17 20 09 4.5 
00 04 19.8 -16 31 44 5.8 
00 04 30.1 -10 30 34 4.9 
00 07 46.9 -22 30 31 5.9 
00 08 17.6 -08 49 26 6.0 
00 10 42.7 -12 34 47 5.9 
00 11 15.9 -15 28 02 4.9 
00 12 09.9 -17 56 18 5.3 
00 14 27.6 -07 46 50 5.2 
00 14 38.4 -18 55 58 4.5 
00 14 54.5 -09 34 10 5.8 
Iota 00 19 25.7 -08 49 26 3.5 Schemali
00 21 46.2 -20 03 29 5.7 
00 30 02.4 -03 57 26 5.7 
00 30 22.7 -23 47 16 5.2 
00 35 14.6 -03 35 34 5.2 
00 35 32.7 -00 30 20 5.9 
00 37 19.8 -24 46 02 5.6 
00 40 42.4 -04 21 06 5.9 
Bêta 00 43 35.2 -17 59 12 2.0 Diphda
00 43 50.1 -12 00 41 6.0 
Phi1 00 44 11.4 -10 36 33 4.8 Al Nitham1
00 44 44.4 -22 00 23 5.2 
00 46 11.6 -22 31 19 5.5 
00 47 43.2 -18 03 41 5.7 
00 48 01.1 -21 43 21 5.6 
00 49 13.9 -24 08 11 5.9 
00 49 25.6 -13 33 40 5.6 
Phi2 00 50 07.7 -10 38 38 5.2 Al Nitham2
00 52 40.6 -24 00 21 5.5 
00 53 00.5 -01 08 39 4.8 
00 55 42.4 -07 20 49 5.9 
Phi3 00 56 01.5 -11 15 59 5.3 Al Nitham3
Phi4 00 58 43.9 -11 22 48 5.6 Al Nitham4
01 03 02.6 -04 50 11 5.4 
01 06 05.1 -09 50 22 5.6 
01 07 46.1 -09 47 08 5.7 
Eta 01 08 35.3 -10 10 55 3.5 Deneb Algenubi
01 10 33.6 02 26 45 6.0 
01 11 43.5 -02 15 04 5.9 
01 14 24.0 -07 55 25 5.1 
01 14 49.2 -00 58 27 5.7 
01 16 36.3 -02 30 01 5.4 
Thêta 01 24 01.5 -08 10 58 3.6 Altawk
01 24 20.5 -06 54 53 5.9 
01 25 37.2 -14 35 56 4.9 
01 26 51.6 -13 03 24 5.5 
01 29 36.1 -21 37 46 5.1 
01 33 42.7 -07 01 31 5.8 
01 34 37.7 -15 40 35 5.6 
01 35 59.0 -15 24 01 5.4 
01 38 51.7 -21 16 32 5.6 
01 41 44.8 -11 19 25 6.0 
01 42 43.5 -03 41 24 5.0 
Tau 01 44 05.1 -15 56 22 3.5 Durre-Menthor
01 45 59.3 -05 44 00 5.4 
Khi 01 49 35.2 -10 41 10 4.7 
Dzêta 01 51 27.6 -10 20 06 3.7 Baten-Kaitos
01 52 52.1 -16 55 45 5.8 
01 56 40.2 -22 31 36 4.9 
01 59 46.2 -20 49 28 5.4 
Upsil 02 00 00.2 -21 04 40 4.0 Aquae-Abyssi
02 00 26.8 -08 31 26 5.5 
02 02 58.6 -15 18 21 5.9 
02 03 11.6 00 07 42 5.4 
02 03 40.5 -04 06 12 5.6 
02 03 48.1 -00 20 25 5.9 
02 11 21.2 08 34 12 5.6 
02 11 22.2 -10 03 06 6.0 
02 11 35.8 -01 49 31 5.9 
02 12 47.3 -02 23 36 5.6 
Ksi1 02 13 00.0 08 50 48 4.4 
02 13 01.0 -21 00 01 5.9 
02 16 59.0 -06 25 19 5.5 
02 18 01.2 01 45 25 5.6 
Omicr 02 19 20.8 -02 58 37 3.9 Mira-Ceti
02 21 56.6 00 23 44 5.3 
02 22 01.4 -10 46 38 5.4 
02 22 05.0 -17 39 43 5.9 
02 22 12.4 -00 53 05 5.4 
Rhô 02 25 57.0 -12 17 26 4.9 
02 26 00.4 -15 20 28 5.9 
02 26 35.2 -20 02 34 5.9 
Ksi2 02 28 09.5 08 27 36 4.3 
02 30 45.2 00 15 21 6.0 
02 31 30.1 02 16 02 5.3 
Sigma 02 32 05.3 -15 14 40 4.7 
02 32 09.4 -01 02 05 5.4 
02 34 42.6 -07 51 33 5.7 
Nu 02 35 52.5 05 35 36 4.9 
02 36 00.1 -07 49 53 5.5 
02 36 03.8 06 53 00 5.8 
02 36 35.1 07 43 48 5.8 
02 37 41.8 -03 23 46 5.6 
Delta 02 39 28.9 00 19 43 4.1 Phycea
Epsil 02 39 33.7 -11 52 18 4.8 
02 40 12.5 -09 27 10 5.8 
02 41 13.9 -00 41 43 5.8 
02 41 34.1 -14 32 58 6.0 
Gamma 02 43 18.1 03 14 10 3.5 Kaffaljidhmah
Pi 02 44 07.4 -13 51 31 4.2 Al Sadr-al-Ketus
Mu 02 44 56.4 10 06 51 4.3 
02 45 20.9 04 42 42 6.0 
02 56 13.7 08 22 54 6.0 
Lambd 02 59 42.9 08 54 27 4.7 
Alpha 03 02 16.8 04 05 24 2.5 Menkar
03 02 22.5 04 21 10 5.6 
03 04 38.1 01 51 49 6.0 
g 03 12 26.4 06 39 39 5.6 g Tau
03 12 46.3 -01 11 45 5.1 
03 18 22.3 -00 55 49 5.4 
Kappa1 03 19 21.5 03 22 12 4.8 
Kappa2 03 21 06.8 03 40 32 5.7 