06 23 37.8 -52 10 51 6.0 
Alpha 06 23 57.1 -52 41 45 -0.6 Canopus
06 31 18.2 -51 49 34 5.6 
N 06 34 58.6 -52 58 32 4.4 
06 45 53.7 -52 24 35 5.8 
06 46 52.7 -51 15 56 5.4 
O 06 47 18.7 -55 32 24 5.6 
A 06 49 51.3 -53 37 21 4.4 
07 00 51.5 -51 24 09 5.2 
07 01 05.2 -58 56 25 6.0 
07 03 15.1 -59 10 41 5.7 
07 04 18.3 -56 44 59 5.2 
07 07 13.3 -51 58 06 6.0 
07 12 02.0 -63 11 24 6.0 
07 15 21.3 -52 29 58 6.0 
07 20 21.5 -52 18 33 4.4 
07 20 21.5 -52 18 43 6.0 
07 20 38.8 -52 05 09 5.4 
07 26 21.9 -51 01 07 5.1 
07 29 59.7 -52 39 05 5.9 
07 30 30.9 -54 23 58 6.0 
Q 07 35 39.7 -52 32 02 4.9 
07 39 00.3 -53 16 24 6.0 
07 49 06.7 -56 24 37 5.6 
07 49 12.9 -60 17 03 5.8 
07 52 29.7 -54 22 02 5.7 
07 54 53.4 -57 18 10 5.6 
07 56 18.7 -60 31 35 5.7 
Khi 07 56 46.7 -52 58 57 3.4 Drys
07 57 46.3 -60 18 12 5.6 
07 58 50.6 -60 49 28 5.8 
07 59 37.5 -60 35 14 5.2 
D 08 00 20.0 -63 34 03 4.8 
08 00 50.0 -54 09 05 5.8 
08 05 03.7 -53 06 28 5.5 
B 08 09 00.9 -61 18 06 4.7 
08 09 33.6 -56 05 08 5.7 
C 08 15 16.0 -62 54 56 5.2 
08 21 12.1 -57 58 24 6.0 
Epsil 08 22 30.9 -59 30 34 2.0 Avior
e1 08 35 15.6 -58 13 29 5.2 
e2 08 35 19.6 -58 00 33 4.8 
08 37 18.8 -62 51 12 5.5 
d 08 40 37.0 -59 45 40 4.3 
08 45 05.3 -58 43 27 6.0 
f 08 46 42.6 -56 46 11 4.5 
08 51 36.5 -57 38 01 5.6 
08 53 03.8 -56 38 58 6.0 
08 53 48.7 -60 21 14 5.8 
c 08 55 02.9 -60 38 41 3.8 
B1 08 56 58.4 -59 13 46 4.9 
B2 08 59 24.4 -59 05 04 5.2 
09 00 45.7 -60 57 50 5.8 
G 09 05 08.8 -72 36 10 4.5 
E 09 05 38.4 -70 32 19 4.7 
a 09 10 58.1 -58 58 01 3.4 
i 09 11 16.8 -62 19 01 4.0 
09 12 55.6 -59 24 50 5.5 
Bêta 09 13 12.2 -69 43 03 1.7 Miaplacidus
09 15 17.7 -58 23 18 6.0 
g 09 16 12.1 -57 32 29 4.3 
Iota 09 17 05.4 -59 16 31 2.2 Aspidiske
09 17 17.4 -68 41 22 5.4 
09 17 25.2 -74 53 40 5.3 
09 17 27.6 -74 44 05 5.9 
k 09 20 56.8 -62 24 17 4.8 
09 24 05.5 -61 38 56 6.0 
09 25 27.4 -61 57 02 5.8 
09 26 44.2 -64 55 47 6.0 
09 27 06.5 -71 36 08 5.5 
09 28 30.6 -66 42 07 5.9 
09 28 47.2 -62 16 24 5.9 
09 30 23.5 -58 21 43 5.9 
H 09 31 36.3 -73 04 51 5.5 
h 09 34 26.7 -59 13 47 4.1 
m 09 39 21.0 -61 19 41 4.5 
09 40 42.6 -57 59 01 5.3 
09 41 02.1 -57 15 34 5.8 
l 09 45 14.8 -62 30 29 3.7 
Upsil 09 47 06.1 -65 04 19 2.9 Vathorz Prior
09 50 55.6 -62 44 42 5.6 
09 51 12.0 -59 25 32 5.8 
10 02 00.1 -60 25 15 5.9 
10 08 42.8 -65 48 56 5.3 
10 09 30.2 -68 40 58 5.8 
10 11 46.5 -58 03 38 5.8 
M 10 13 30.7 -66 22 22 5.1 
Oméga 10 13 44.3 -70 02 17 3.3 Simiram
q 10 17 05.0 -61 19 56 3.4 
L 10 22 58.2 -66 54 05 5.0 
I 10 24 23.7 -74 01 54 4.0 
10 24 59.5 -58 34 35 5.9 
P 10 27 24.5 -57 38 20 4.7 
10 27 25.4 -65 42 17 6.0 
s 10 27 52.7 -58 44 22 3.8 
10 28 52.6 -64 10 20 5.3 
K 10 30 20.1 -71 59 34 4.7 
10 31 02.1 -73 13 17 4.9 
p 10 32 01.5 -61 41 07 3.4 
10 32 47.8 -58 40 00 6.0 
r 10 35 35.3 -57 33 27 4.4 
t1 10 36 20.6 -59 33 51 5.1 
10 37 27.1 -58 44 00 5.5 
10 38 02.7 -57 15 23 5.9 
t2 10 38 45.0 -59 10 59 4.7 
10 38 59.7 -58 49 01 6.0 
10 40 11.5 -65 06 01 5.5 
10 42 14.1 -64 27 59 4.7 
10 42 40.6 -59 12 57 5.4 
Thêta 10 42 57.4 -64 23 40 2.7 Vathorz Posterior
w 10 43 32.3 -60 34 00 4.6 
10 43 51.2 -64 14 57 5.8 
10 44 06.9 -63 57 40 4.8 
10 46 16.6 -64 30 53 5.3 
10 46 29.6 -64 15 48 5.2 
10 46 51.2 -64 23 01 4.8 
10 48 05.4 -59 55 09 6.0 
10 49 24.5 -59 19 26 6.0 
10 52 30.9 -57 14 25 5.3 
u 10 53 29.6 -58 51 12 3.8 
10 54 29.6 -61 49 36 6.0 
10 55 17.3 -60 31 02 5.9 
11 06 29.3 -58 40 30 6.0 
z1 11 06 32.5 -62 25 27 4.6 
11 06 49.9 -70 52 41 5.6 
z2 11 08 34.0 -61 56 50 5.1 
x 11 08 35.4 -58 58 30 3.9 
y 11 12 36.0 -60 19 03 4.6 
11 12 45.3 -64 10 11 5.2 
11 13 30.8 -59 37 10 5.7 
11 19 16.8 -64 34 57 6.0 