18 06 49.9 -43 25 30 4.9 
18 11 05.5 -41 21 32 5.8 
18 13 12.7 -41 20 10 5.5 
18 15 53.4 -44 12 23 5.4 
18 22 18.6 -38 39 25 5.1 
18 24 18.2 -44 06 37 5.2 
18 28 27.1 -38 59 44 5.6 
18 31 03.0 -41 54 50 6.0 
18 31 56.2 -43 30 27 5.7 
18 32 21.3 -39 42 14 5.2 
Kappa2 18 33 23.1 -38 43 33 5.6 
Thêta 18 33 30.2 -42 18 45 4.6 
18 39 35.2 -43 11 09 5.4 
Lambd 18 43 46.9 -38 19 24 5.1 
18 44 57.1 -39 41 10 5.4 
Mu 18 47 44.6 -40 24 22 5.2 
Eta1 18 48 50.5 -43 40 48 5.5 
Eta2 18 49 35.0 -43 26 03 5.6 
18 56 17.0 -42 42 38 5.3 
18 56 40.5 -37 20 35 5.4 
Epsil 18 58 43.5 -37 06 26 4.8 
Dzêta 19 03 06.8 -42 05 42 4.7 
19 03 17.7 -38 15 11 5.7 
Gamma 19 06 25.0 -37 03 46 4.3 
Delta 19 08 20.9 -40 29 48 4.6 
Alpha 19 09 28.3 -37 54 15 4.1 
19 09 57.7 -41 53 32 5.9 
Bêta 19 10 01.8 -39 20 27 4.1 
19 14 39.5 -45 11 36 5.9 