Omicr 15 20 08.6 29 36 59 5.5 
Eta 15 23 12.2 30 17 18 5.0 
Bêta 15 27 49.9 29 06 20 3.7 Nusakan
Thêta 15 32 55.8 31 21 33 4.2 
Alpha 15 34 41.2 26 42 54 2.2 Gemma
Mu 15 35 14.9 39 00 36 5.1 
Dzêta2 15 39 22.7 36 38 09 4.6 
Gamma 15 42 44.6 26 17 44 3.8 
Pi 15 43 59.3 32 30 57 5.6 
15 48 34.4 28 09 24 5.9 
Delta 15 49 35.7 26 04 07 4.6 
Kappa 15 51 13.9 35 39 30 4.8 
Lambd 15 55 47.6 37 56 48 5.4 
Epsil 15 57 35.3 26 52 41 4.1 
15 58 57.7 36 38 37 5.6 
Rhô 16 01 02.8 33 18 19 5.4 
Iota 16 01 26.6 29 51 04 5.0 
16 03 19.4 36 37 55 5.8 
Tau 16 08 58.3 36 29 24 4.7 
16 11 48.1 36 25 31 5.6 
Sigma 16 14 41.0 33 51 32 5.2 
Upsil 16 16 44.8 29 09 01 5.8 
Ksi 16 22 05.9 30 53 30 4.8 
Nu1 16 22 21.4 33 47 57 5.2 
Nu2 16 22 29.2 33 42 12 5.4 