11 57 40.0 -62 26 55 5.6 
11 58 15.2 -56 19 02 5.4 
11 58 47.7 -64 20 22 5.6 
Thêta1 12 03 01.7 -63 18 47 4.3 
Thêta2 12 04 19.2 -63 09 57 4.7 
12 04 57.2 -60 58 06 6.0 
Eta 12 06 52.9 -64 36 49 4.1 
12 12 22.0 -62 57 03 5.9 
Delta 12 15 08.8 -58 44 56 2.8 
Dzêta 12 18 26.3 -64 00 11 4.0 
Epsil 12 21 21.8 -60 24 05 3.6 Juxta
12 21 57.4 -56 22 28 5.9 
12 22 49.5 -57 40 34 5.4 
12 26 30.9 -63 07 20 4.8 
Alpha 12 26 35.9 -63 05 57 0.8 Acrux
12 27 24.8 -63 47 20 6.0 
12 27 28.9 -58 59 30 5.5 
12 28 19.3 -64 20 27 6.0 
12 29 54.2 -56 31 30 5.8 
Gamma 12 31 09.9 -57 06 45 1.7 Gacrux
12 31 40.3 -59 25 26 5.5 
12 31 56.2 -63 30 21 6.0 
12 41 56.6 -59 41 09 4.9 
12 42 50.3 -63 03 31 5.3 
12 43 09.2 -56 10 34 6.0 
Iota 12 45 37.9 -60 58 52 4.7 
12 46 22.7 -56 29 20 4.6 
Bêta 12 47 43.3 -59 41 19 1.3 Mimosa
12 51 18.0 -60 19 47 5.7 
12 53 21.9 -60 19 43 5.8 
Kappa 12 53 48.9 -60 22 34 5.9 
Mu 12 54 35.7 -57 10 40 3.6 
Lambd 12 54 39.2 -59 08 48 4.6 
12 55 57.1 -56 50 09 5.4 