10 54 17.8 -13 45 29 5.6 
10 59 31.0 -16 21 13 5.9 
Alpha 10 59 46.7 -18 17 57 4.1 Alkes
11 00 11.7 -14 05 00 5.9 
11 03 14.9 -11 18 12 5.5 
Bêta 11 11 39.5 -22 49 32 4.5 Al-Sharasif
Delta 11 19 20.5 -14 46 45 3.6 Labrum
Lambd 11 23 22.1 -18 46 48 5.1 
Epsil 11 24 36.6 -10 51 34 4.8 
Gamma 11 24 53.0 -17 41 02 4.1 
Kappa 11 27 09.6 -12 21 25 5.9 
11 29 38.6 -24 27 51 5.8 
11 32 47.5 -07 49 39 5.9 
11 33 14.8 -16 16 49 6.0 
Thêta 11 36 40.9 -09 48 08 4.7 
Iota 11 38 40.0 -13 12 08 5.5 
Dzêta 11 44 45.8 -18 21 02 4.7 
Eta 11 56 01.0 -17 09 03 5.2 