05 14 28.8 -35 58 37 5.7 
Omicr 05 17 29.0 -34 53 40 4.8 
05 19 23.7 -27 22 08 6.0 
05 23 24.0 -39 40 42 5.8 
05 27 05.3 -40 56 38 5.8 
05 28 15.3 -37 13 51 5.6 
Epsil 05 31 12.7 -35 28 14 3.9 
05 32 51.4 -38 30 48 5.4 
05 33 07.3 -35 08 22 5.8 
05 35 15.5 -33 04 48 5.8 
Nu 2 05 37 44.6 -28 41 23 5.3 
05 38 43.5 -40 42 26 5.8 
Alpha 05 39 38.9 -34 04 27 2.6 Phact
05 39 49.9 -32 37 45 5.4 
05 42 15.2 -34 40 05 5.3 
Mu 05 45 59.9 -32 18 23 5.2 
Bêta 05 50 57.6 -35 46 09 3.1 Wezn
05 52 33.2 -37 37 52 5.6 
Lambd 05 53 06.9 -33 48 05 4.9 
05 54 52.5 -39 57 28 5.6 
Ksi 05 55 29.9 -37 07 14 5.0 
Sigma 05 56 20.9 -31 22 57 5.5 
Gamma 05 57 32.2 -35 17 00 4.4 
Eta 05 59 08.8 -42 48 54 3.9 
06 01 16.3 -33 54 42 5.5 
06 04 20.3 -32 10 22 5.6 
06 05 27.2 -35 30 49 5.8 
06 06 05.5 -29 45 31 5.8 
06 07 03.7 -34 18 43 5.8 
Thêta 06 07 31.6 -37 15 11 5.0 
Pi 2 06 07 52.9 -42 09 14 5.5 
06 10 10.4 -40 21 14 5.6 
Kappa 06 16 33.1 -35 08 27 4.4 
06 16 35.6 -39 15 52 6.0 
06 17 01.2 -37 44 16 5.5 
06 17 09.6 -37 15 12 5.9 
06 19 41.0 -34 23 48 5.8 
06 20 36.2 -34 08 39 5.5 
Delta 06 22 06.8 -33 26 11 3.8 
06 24 01.0 -36 42 28 5.6 
06 31 13.1 -35 15 32 5.8 
06 32 21.3 -37 41 47 5.2 
06 33 49.5 -36 13 56 5.4 
06 35 24.2 -36 46 48 5.8 
06 37 01.9 -38 08 48 6.0 
06 37 13.8 -36 59 26 5.7 