12 10 46.1 27 16 54 6.0 
12 11 51.2 25 52 13 5.7 
12 12 09.3 20 32 32 5.6 
12 16 00.2 14 53 57 5.1 
12 16 20.6 23 56 44 4.9 
12 16 30.2 33 03 42 5.0 
12 17 30.6 28 56 14 5.7 
12 20 19.7 26 37 11 5.5 
12 20 43.1 17 47 34 4.7 
12 22 30.3 25 50 46 4.8 
12 24 18.5 26 05 55 5.1 
12 25 15.1 23 55 35 6.0 
12 26 24.1 27 16 06 4.9 
Gamma 12 26 56.3 28 16 07 4.3 
12 26 59.3 26 49 33 5.0 
12 28 54.7 25 54 46 5.2 
12 29 27.1 24 06 32 5.5 
12 29 43.2 20 53 46 5.7 
12 31 00.6 24 34 02 5.4 
12 34 51.1 22 37 45 4.8 
12 35 07.8 18 22 37 5.0 
12 35 08.2 21 52 53 5.9 
12 36 58.4 17 05 22 5.7 
12 39 07.4 21 03 45 5.5 
12 46 38.8 16 34 40 5.1 
12 48 54.2 14 07 21 5.7 
12 49 17.5 27 33 08 5.8 
12 51 41.9 27 32 27 4.9 
12 53 17.8 21 14 42 4.9 
12 58 55.5 17 24 34 4.8 
13 00 16.5 30 47 06 4.9 
13 01 09.6 17 07 24 6.0 
13 06 21.3 21 09 13 6.0 
13 06 22.6 22 36 59 5.6 
13 07 10.7 27 37 30 4.8 
13 09 47.9 16 50 55 5.9 
Alpha 13 09 59.5 17 31 45 4.3 Diadem
Bêta 13 11 52.9 27 52 34 4.2 
13 25 06.7 23 51 16 5.7 