Gamma 04 16 01.5 -51 29 14 4.3 
Alpha 04 33 59.7 -55 02 42 3.3 
04 36 45.7 -62 04 37 5.7 
Kappa 04 44 21.1 -59 43 58 5.3 
Dzêta 05 05 30.7 -57 28 23 4.7 
05 07 34.0 -63 23 58 5.2 
Thêta 05 13 45.4 -67 11 07 4.8 
Lambd 05 26 19.3 -58 54 45 5.1 
05 32 59.5 -64 13 39 5.3 
Bêta 05 33 37.5 -62 29 23 3.8 
Delta 05 44 46.4 -65 44 08 4.3 
Epsil 05 49 53.6 -66 54 04 5.1 
05 54 05.9 -63 05 28 4.6 
Eta-1 06 06 09.4 -66 02 23 5.7 
Nu 06 08 44.3 -68 50 36 5.0 
Eta-2 06 11 15.0 -65 35 23 5.0 
Pi-1 06 22 38.2 -69 59 03 5.6 
Pi-2 06 25 28.7 -69 41 27 5.4 