Ksi 21 32 05.9 -41 10 46 5.3 
21 33 23.5 -44 50 55 5.6 
21 48 15.6 -47 18 10 5.6 
Gamma 21 53 55.7 -37 21 53 3.0 Ras-Alkurki
21 56 22.8 -37 15 13 5.4 
21 59 17.9 -38 23 42 5.5 
Lambd 22 06 06.9 -39 32 35 4.5 
Alpha 22 08 13.9 -46 57 38 1.8 Al-Nair
Mu1 22 15 36.9 -41 20 48 4.8 
Mu2 22 16 26.6 -41 37 38 5.1 
22 18 15.2 -53 37 32 5.4 
Pi2 22 23 07.8 -45 55 42 5.6 
Nu 22 28 39.2 -39 07 53 5.5 
Delta1 22 29 16.2 -43 29 44 4.0 
Delta2 22 29 45.4 -43 44 57 4.2 
Sigma2 22 36 58.8 -40 35 27 5.9 
22 42 36.9 -47 12 36 6.0 
Bêta 22 42 39.9 -46 53 04 2.1 Gruid
Rhô 22 43 30.0 -41 24 51 4.8 
Eta 22 45 37.9 -53 30 01 4.8 
22 45 40.8 -46 32 50 5.5 
Epsil 22 48 33.2 -51 19 00 3.5 
22 51 02.1 -39 09 25 5.4 
Tau1 22 53 37.7 -48 35 53 6.0 
Tau3 22 56 47.8 -47 58 09 5.7 
Dzêta 23 00 52.9 -52 45 15 4.1 
23 01 07.5 -50 57 00 5.7 
23 03 59.6 -41 28 45 5.8 
Kappa 23 04 39.6 -53 57 53 5.4 
Thêta 23 06 52.8 -43 31 13 4.3 
Upsil 23 06 53.6 -38 53 32 5.6 
23 07 14.4 -50 41 13 5.3 
23 09 57.6 -42 51 40 5.8 
23 10 09.7 -40 35 29 6.0 
Iota 23 10 21.4 -45 14 48 3.9 
23 14 58.5 -41 06 18 5.8 
23 16 39.8 -44 29 21 5.9 
Phi 23 18 09.8 -40 49 27 5.5 
23 24 13.2 -51 53 28 5.7 
Omicr 23 26 36.5 -52 43 19 5.5 