08 12 48.8 68 28 27 5.3 55-Cam
08 19 17.2 62 30 26 5.7 57-Cam
08 20 40.3 72 24 26 6.0 
08 29 46.3 67 17 51 5.9 
Omicr 08 30 16.0 60 43 06 3.4 Muscida
A 08 34 36.2 65 08 43 5.4 
08 38 22.3 53 24 06 5.7 
Pi-1 08 39 11.7 65 01 14 5.6 
08 39 17.7 52 42 42 5.9 
Pi 2 08 40 12.9 64 19 40 4.6 
b 08 53 22.6 61 57 44 5.7 
08 56 37.5 64 36 15 5.6 
Iota 08 59 12.8 48 02 32 3.1 Talitha-Borealis
Rhô 09 02 32.7 67 37 46 4.8 
Kappa 09 03 37.6 47 09 24 3.6 Talitha-Australis
09 04 00.4 54 17 02 5.7 
09 05 24.1 48 31 49 5.5 
Sigma1 09 08 23.5 66 52 24 5.1 
f 09 08 52.4 51 36 17 4.5 
Sigma2 09 10 23.5 67 08 03 4.8 
Tau 09 10 54.9 63 30 50 4.6 
c 09 14 20.6 61 25 24 5.2 
09 15 49.8 56 44 29 5.3 
09 15 52.7 72 56 47 5.9 
e 09 16 11.3 54 01 18 4.8 
09 17 31.2 46 49 02 5.9 
09 21 43.3 56 41 57 5.9 
09 28 40.0 45 36 06 5.4 41-Lyn
h 09 31 31.6 63 03 42 3.6 
Thêta 09 32 52.3 51 40 43 3.2 Sarir
d 09 34 29.0 69 49 49 4.6 
09 34 49.5 52 03 06 4.5 
09 34 53.4 72 12 21 5.8 
09 39 27.9 67 16 20 6.0 
09 42 14.9 69 14 16 5.7 
09 42 57.2 72 15 10 5.1 
09 46 31.7 57 07 41 5.1 44-Lyn
09 48 35.2 46 01 16 5.1 15-LMi
Upsil 09 50 59.7 59 02 21 3.8 
Phi 09 52 06.4 54 03 51 4.6 
09 55 43.0 49 49 11 5.3 
09 57 13.6 57 25 06 6.0 
09 58 22.9 72 52 47 5.8 
09 59 51.7 56 48 43 5.5 
10 04 36.3 53 53 30 5.7 
Lambd 10 17 05.9 42 54 52 3.4 Tania-Borealis
10 18 02.2 65 06 30 5.7 
10 19 26.9 48 23 49 6.0 
10 20 31.2 54 13 01 6.0 
10 21 03.4 68 44 52 5.9 
10 22 10.7 41 13 48 5.7 
Mu 10 22 19.8 41 29 58 3.0 Tania-Australis
10 24 07.9 65 33 59 4.9 
10 27 28.1 41 36 04 6.0 
10 30 37.8 55 58 50 4.8 
10 33 14.0 40 25 32 4.7 
10 35 09.6 57 04 57 5.2 
10 39 05.7 53 40 07 5.5 
10 41 48.3 68 26 37 5.7 
10 41 56.8 65 42 59 5.1 
10 43 04.0 69 04 34 5.0 
10 43 33.1 46 12 15 5.2 
10 43 43.3 57 11 58 5.8 
10 45 04.0 67 24 41 5.9 
10 51 11.1 56 34 56 5.7 
10 51 23.8 59 19 13 5.6 
10 53 31.4 69 51 15 5.9 
10 53 34.5 54 35 07 5.1 
Oméga 10 53 58.7 43 11 24 4.7 
10 54 58.2 34 02 06 5.7 47-LMi
10 55 44.5 33 30 25 5.0 
10 56 14.5 42 00 30 6.0 
10 59 28.2 40 25 48 5.0 
10 59 32.7 36 05 36 6.0 
11 00 14.7 45 31 35 5.5 
11 00 20.8 42 54 43 6.0 
11 00 50.5 39 12 44 5.1 
Bêta 11 01 50.4 56 22 56 2.3 Mérak
Alpha 11 03 43.8 61 45 04 2.0 Dubhé
11 04 31.3 38 14 29 6.0 
11 09 19.1 36 18 34 5.8 
11 09 38.6 43 12 28 5.9 
Psi 11 09 39.9 44 29 55 3.0 
11 16 41.9 49 28 35 5.9 
Ksi 11 18 11.2 31 31 50 3.8 Alula-Australis
Nu 11 18 28.8 33 05 39 3.5 Alula-Borealis
11 19 07.9 38 11 09 4.8 
11 22 49.6 43 28 58 5.0 
11 22 51.3 64 19 50 6.0 
11 25 57.2 55 51 01 5.7 
11 29 04.2 39 20 13 5.3 
11 29 04.7 61 46 40 5.8 
11 30 31.2 43 10 23 5.9 
11 32 20.8 61 04 58 5.5 
11 35 04.9 54 47 07 5.6 
11 38 20.7 43 37 32 5.6 
11 41 03.0 34 12 09 5.3 
11 41 34.5 31 44 46 5.7 
Khi 11 46 03.1 47 46 46 3.7 Alkaphrah
11 46 55.6 55 37 42 5.3 
11 49 41.8 34 55 54 5.7 
Gamma 11 53 49.7 53 41 41 2.4 Phecda
11 55 58.4 56 35 55 5.8 
11 59 17.5 33 10 01 6.0 
12 01 39.5 36 02 32 5.6 
12 02 07.1 43 02 44 5.2 
Delta 12 15 25.4 57 01 57 3.3 Megrez 
12 17 29.6 53 11 29 5.8 
12 20 50.8 57 51 51 5.5 
12 25 03.2 56 46 40 5.8 
12 27 35.1 55 42 46 5.7 
12 29 57.4 58 24 20 5.4 
12 41 33.9 62 42 47 6.0 
12 47 18.9 62 46 52 5.9 
12 48 39.3 60 19 12 5.8 
Epsil 12 54 01.6 55 57 35 1.8 Alioth
12 56 17.6 54 05 58 6.0 
13 00 43.6 56 21 59 4.9 
Dzêta 13 23 55.4 54 55 31 2.0 Mizar
g 13 25 13.4 54 59 17 4.0 Alcor
13 28 27.2 59 56 45 5.5 
13 34 07.3 55 20 54 5.6 
13 39 30.6 52 55 16 5.5 
13 40 44.3 54 40 54 4.6 
13 43 54.8 52 03 52 6.0 
13 46 35.7 54 25 58 5.7 
Eta 13 47 32.5 49 18 48 1.9 Alkaid
13 49 45.4 61 29 22 6.0 
13 53 51.0 53 43 43 5.7 