03 19 59.3 65 39 08 4.7 
03 24 40.6 64 35 10 5.2 
03 29 04.1 59 56 25 4.2 
03 29 54.7 58 52 44 4.6 
03 30 00.2 55 27 07 5.1 
03 33 39.1 54 58 29 6.0 
03 42 09.3 63 13 00 5.1 
03 42 42.7 59 58 10 5.7 
03 46 00.8 67 12 07 5.8 
03 46 02.3 63 20 42 4.8 
03 49 13.7 70 52 16 5.4 
03 49 31.3 65 31 34 4.4 
03 49 36.6 63 17 50 5.8 
Gamma 03 50 21.5 71 19 57 4.6 
03 53 43.2 57 58 31 5.8 
03 57 08.3 61 06 32 5.0 
03 57 25.4 63 04 20 4.9 
04 04 27.2 59 09 20 5.0 
04 06 03.2 68 40 48 5.9 
04 13 44.8 72 07 34 6.0 
04 16 43.1 53 36 42 5.2 
04 16 53.5 61 51 00 5.7 
04 17 08.1 57 51 38 5.7 
04 20 40.4 65 08 26 5.3 
04 21 47.6 60 44 09 5.4 
04 21 51.8 56 30 23 5.9 
04 32 01.8 53 54 39 5.8 
04 33 30.6 72 31 44 5.9 
04 36 24.2 64 15 42 5.9 
04 39 54.7 53 04 46 5.1 
04 39 58.0 53 28 24 5.4 
04 48 00.2 56 45 27 5.3 
04 48 50.3 75 56 30 6.0 
04 52 05.2 63 30 20 5.5 
Alpha 04 54 03.0 66 20 34 4.3 
04 55 03.1 55 15 33 5.5 
04 56 07.1 52 52 11 5.7 
04 57 17.2 53 45 07 4.4 
05 01 36.0 61 04 42 6.0 
Bêta 05 03 25.1 60 26 32 4.0 
05 06 08.5 58 58 21 5.2 
05 06 29.7 61 10 12 6.0 
05 12 22.4 73 56 48 5.4 
05 18 13.3 73 16 05 5.8 
05 20 22.6 62 39 13 5.6 
05 22 33.8 79 13 51 5.1 
05 23 27.8 57 32 40 5.2 
05 30 10.2 63 04 02 5.4 
05 42 26.4 65 41 52 5.6 
05 43 01.7 56 34 53 6.0 
05 46 30.4 56 06 57 5.9 
05 54 57.8 59 53 18 5.2 
06 09 59.0 58 56 08 5.3 
06 12 51.1 65 43 07 5.3 
06 15 40.5 59 59 57 5.4 
06 18 50.8 69 19 12 4.8 
06 28 14.5 70 32 07 6.0 
06 40 28.8 77 59 45 5.7 
06 40 32.2 71 44 56 5.9 
06 46 14.5 79 33 59 5.4 
06 50 57.1 67 34 19 5.1 
06 53 42.2 68 53 18 5.1 
M 07 00 03.8 76 58 39 4.5 
07 01 21.4 70 48 30 5.7 
07 30 52.7 68 27 57 5.6 
07 31 04.5 82 24 42 4.9 
07 46 40.0 65 27 20 5.9 
08 00 11.8 73 55 05 5.3 
08 01 42.5 60 19 28 6.0 
08 02 30.8 63 05 25 6.0 
08 04 47.2 79 28 47 5.4 
08 19 32.2 75 45 25 5.5 
10 29 42.2 84 15 08 5.5 
10 31 05.0 82 33 31 5.3 
12 05 14.7 76 54 21 5.8 
12 11 00.1 81 42 35 6.0 
12 12 11.9 77 36 58 5.1 
12 49 06.8 83 25 04 5.8 
12 49 13.8 83 24 46 5.3 
13 26 57.2 78 38 38 5.7 
13 42 22.9 82 45 09 5.9 
