18 15 38.8 42 09 34 5.6 
Kappa 18 19 51.7 36 03 52 4.3 
Mu 18 24 13.8 39 30 26 5.1 Alathfar
18 32 49.9 30 33 15 5.5 
18 35 13.5 34 27 29 6.0 
18 36 37.3 33 28 09 5.4 
Alpha 18 36 56.2 38 46 59 0.1 Véga
18 43 36.1 36 33 23 6.0 
18 43 51.6 31 55 37 5.7 
Epsil1 18 44 20.3 39 40 12 4.7 
Epsil2 18 44 22.8 39 36 45 4.6 
Dzêta 18 44 46.3 37 36 18 4.0 
18 46 04.5 26 39 43 4.8 
Nu-1 18 49 45.9 32 48 46 5.9 
Nu-2 18 49 52.9 32 33 04 5.2 
Bêta 18 50 04.8 33 21 46 3.6 Sheliak
Delta1 18 53 43.6 36 58 18 5.6 
18 54 13.3 27 54 35 5.6 
Delta2 18 54 30.3 36 53 55 4.3 
18 54 52.2 41 36 10 5.5 
18 54 52.5 33 58 07 6.0 
18 55 20.1 43 56 45 4.2 
18 57 01.5 32 54 06 5.2 
18 58 01.9 38 15 58 5.9 
Gamma 18 58 56.6 32 41 22 3.2 Sulaphat
18 59 45.4 26 13 50 5.3 
Lambd 19 00 00.8 32 08 44 4.9 
19 00 55.2 33 48 08 6.0 
19 01 17.4 26 17 29 5.7 
19 01 26.4 46 56 06 5.0 
19 04 57.8 31 44 39 5.6 
19 06 37.7 28 37 42 5.5 
Iota 19 07 18.1 36 06 01 5.3 
19 07 25.5 32 30 06 5.2 
19 11 46.0 31 17 00 5.9 
Eta 19 13 45.5 39 08 45 4.4 Aladfar
19 15 24.8 30 31 35 5.9 
Thêta 19 16 22.1 38 08 01 4.3 
19 23 56.5 43 23 18 5.8 