05 59 04.3 -09 33 29 5.0 
06 01 50.4 -10 35 53 5.0 
06 04 13.5 -06 42 32 5.2 
06 05 27.0 -10 14 34 5.9 
06 06 38.7 -04 11 38 5.4 
06 11 51.8 -06 33 01 5.0 
06 14 36.7 -04 34 06 5.8 
Gamma 06 14 51.3 -06 16 29 4.0 Tempestris
06 15 29.7 -04 54 53 6.0 
06 18 50.6 -09 23 24 5.4  
06 19 42.8 -07 49 22 5.3 
Epsil 06 23 46.1 04 35 34 4.4 
06 25 16.4 -00 56 43 5.9 
06 26 39.6 -01 30 26 5.9 
06 27 13.8 00 17 57 5.2 77 Ori
06 27 15.6 -00 16 34 5.5 78 Ori
06 27 20.5 02 54 30 5.5 
06 27 57.6 -04 45 44 5.0 
Bêta 06 28 49.1 -07 01 59 3.8 Cerastes
06 30 11.3 -10 04 53 5.9  
06 31 48.3 11 32 40 5.2 
06 31 50.1 -08 09 29 5.4 
06 32 19.2 04 51 22 5.8 
06 32 23.1 -05 52 07 5.6 
06 32 23.3 11 40 25 6.0 
06 32 54.2 07 19 59 4.5 
06 33 37.9 -01 13 12 5.1 
06 35 15.8 00 53 25 5.8 
06 35 17.6 09 59 18 5.9 
06 36 35.3 -05 12 40 5.5 
06 40 58.7 09 53 45 4.7 
06 41 05.4 00 29 43 5.8 
06 41 56.4 -09 10 03 5.2 
06 43 38.6 03 55 57 5.9 
06 46 32.4 08 35 14 5.9 
06 46 39.0 -10 06 27 5.7 
06 47 19.8 08 02 14 4.8 
06 47 37.2 -08 59 55 5.1 
06 47 51.7 02 24 44 4.5 
06 48 19.1 -01 19 08 5.7 
06 49 16.4 -02 16 19 5.8 
06 50 49.8 -00 32 26 5.8 
06 52 49.5 08 22 50 5.7 
06 54 24.7 -01 07 37 5.4 
06 54 58.9 -02 48 13 6.0 
06 56 25.8 09 57 24 5.9 
06 58 57.0 03 36 09 5.9 
07 00 23.8 -08 24 25 5.9 
07 01 56.4 -05 43 19 5.2 
07 02 54.8 -04 14 21 5.0 
07 03 17.9 09 08 18 6.0 
07 04 05.3 -05 19 26 5.6 
07 05 39.0 09 11 09 5.8 
07 10 13.7 -04 14 15 4.9 
07 11 23.6 -00 18 07 5.4 
Delta 07 11 51.9 -00 29 34 4.1 Kartajan
07 14 10.9 -03 54 06 5.9 
07 14 15.5 -09 56 51 5.9 
07 14 28.3 -10 18 58 6.0 
07 15 43.2 -10 35 01 5.9 
07 22 25.4 -05 58 58 5.8 
07 25 51.2 -05 46 30 6.0 
07 29 18.7 -01 54 19 5.6 
07 29 22.1 -10 19 36 5.7 
07 29 25.6 -07 33 05 5.9 
07 32 05.8 -08 52 51 5.9 
07 37 16.7 -04 06 40 5.1 
07 40 35.5 -08 11 07 6.0 
Alpha 07 41 14.9 -09 33 04 3.9 Lucida
07 46 02.2 -06 46 20 5.5 
07 50 10.6 -09 11 00 5.6 
07 52 47.9 -05 25 41 5.8 
07 59 44.2 -03 40 46 4.9 
08 01 13.3 -01 23 33 4.7 
Dzêta 08 08 35.7 -02 59 02 4.4 