Epsil 09 29 14.7 -35 57 05 4.5 
09 29 54.5 -26 35 23 5.5 
Dzêta1 09 30 45.9 -31 53 25 5.8 
Dzêta2 09 31 32.2 -31 52 19 5.9 
09 31 32.9 -35 42 52 5.9 
09 37 00.2 -25 17 49 5.7 
09 37 09.9 -32 10 43 5.6 
09 37 28.4 -36 05 46 5.9 
Thêta 09 44 12.1 -27 46 10 4.8 
09 49 28.1 -37 11 12 5.9 
09 56 35.5 -33 25 07 5.8 
Eta 09 58 52.3 -35 53 27 5.2 
10 13 46.0 -40 20 46 5.9 
10 18 07.6 -28 59 31 5.5 
10 23 29.4 -38 00 35 5.3 
Alpha 10 27 09.2 -31 04 04 4.3 
Delta 10 29 35.4 -30 36 25 5.6 
10 35 12.9 -39 33 45 5.5 
10 42 43.2 -32 42 56 5.6 
10 49 57.0 -34 03 30 5.6 
Iota 10 56 43.0 -37 08 15 4.6 
11 04 54.2 -35 48 17 5.4 
