11 23 21.4 -64 57 17 5.1 
11 24 11.2 -72 15 24 5.6 
11 32 20.0 -66 57 43 5.9 
11 37 48.5 -67 37 13 5.9 
11 39 29.6 -65 23 52 5.1 
Lambd 11 45 36.6 -66 43 44 3.6 
Mu 11 48 14.5 -66 48 54 4.7 
11 49 56.6 -70 13 33 5.0 
11 51 51.3 -65 12 21 4.9 
12 02 37.8 -69 11 32 5.9 
12 04 38.9 -68 19 44 5.3 
12 06 23.1 -65 42 34 5.8 
12 07 50.1 -75 22 01 5.2 
Epsil 12 17 34.6 -67 57 38 4.1 
Dzêta2 12 22 07.4 -67 31 20 5.2 
Dzêta1 12 22 12.0 -68 18 26 5.7 
12 32 09.9 -73 00 04 5.9 
Gamma 12 32 28.1 -72 07 59 3.8 
Alpha 12 37 11.1 -69 08 08 2.7 Myia
Bêta 12 46 16.9 -68 06 29 3.0 Diptera
12 49 44.9 -71 59 10 5.5 
12 56 31.7 -72 11 07 5.9 
Delta 13 02 15.8 -71 32 56 3.6 
13 03 05.4 -71 28 33 6.0 
Thêta 13 08 07.2 -65 18 22 5.6 
13 11 51.4 -69 56 31 5.9 
13 12 48.8 -66 13 36 5.9 
Eta 13 15 15.0 -67 53 40 4.8 
13 17 13.0 -66 47 00 4.9 
13 19 19.0 -72 02 08 6.0 
Iota-1 13 25 07.4 -74 53 15 5.0 
13 25 50.4 -70 37 38 5.7 