06 04 40.2 -45 04 46 6.0 
G 06 25 43.7 -48 10 37 5.8 
06 29 49.1 -50 14 20 5.3 
Nu 06 37 45.7 -43 11 45 3.2 Kaimana
06 38 37.6 -48 13 13 5.0 
06 42 15.9 -38 23 55 5.8 
x 06 47 21.4 -37 55 47 5.3 
06 49 54.6 -46 36 56 5.1 
Tau 06 49 56.1 -50 36 52 2.9 Altaleban
06 50 52.3 -34 22 02 5.0 
06 51 42.4 -36 13 48 5.9 
06 56 16.0 -48 43 16 4.9 
t 06 58 25.1 -34 06 42 5.1 
H 07 03 53.7 -49 35 03 4.9 
07 03 57.4 -43 36 32 5.5 
C 07 04 02.8 -42 20 15 5.2 
D 07 07 07.1 -40 53 36 5.8 
A 07 08 51.1 -39 39 20 4.8 
07 10 47.5 -48 55 57 5.1 
E 07 12 15.8 -40 29 56 5.3 
07 12 25.8 -36 32 40 6.0 
I 07 12 33.7 -46 45 34 4.5 
L-1 07 13 13.4 -45 10 57 4.9 
L-2 07 13 32.2 -44 38 26 4.6 
07 14 38.1 -48 16 19 4.7 
07 14 46.0 -46 50 59 5.7 
07 14 57.2 -41 25 35 5.9 
07 16 15.5 -46 46 29 5.6 
07 16 31.9 -38 19 08 5.8 
07 16 49.4 -36 35 34 5.0 
Pi 07 17 08.6 -37 05 51 2.7 Ahadi
M 07 18 04.3 -43 59 12 5.8 
v-1 07 18 18.4 -36 44 02 4.7 
F 07 18 33.5 -39 12 37 5.2 
v-2 07 18 38.2 -36 44 34 5.1 
07 26 42.5 -34 08 27 5.9 
07 27 42.9 -22 51 33 6.0 
07 27 59.2 -29 09 21 5.5 
07 28 51.4 -31 50 52 5.3 
07 29 04.9 -31 27 22 5.8 
y 07 29 05.7 -38 48 44 5.4 
Sigma 07 29 13.9 -43 18 07 3.3 Hadir
07 29 51.4 -23 01 27 4.9 
07 30 42.6 -30 57 44 4.6 
07 33 09.8 -24 42 39 5.8 
07 33 19.5 -19 24 44 5.6 
07 33 48.0 -14 31 26 5.0 
z 07 33 51.0 -36 20 18 5.4 
07 34 03.2 -22 17 46 4.4 
n 07 34 18.7 -23 28 25 5.0 
07 34 19.2 -23 28 28 5.6 
07 34 34.8 -27 00 45 5.8 
p 07 35 22.9 -28 22 09 4.6 
07 36 03.9 -14 29 34 5.7 
07 36 41.0 -19 42 08 5.7 
y-2 07 36 43.9 -48 49 49 5.7 
f 07 37 22.1 -34 58 07 4.5 
m 07 38 18.0 -25 21 53 4.7 
y-3 07 38 18.2 -48 36 05 5.7 
e 07 38 43.9 -36 29 49 5.8 
k 07 38 49.9 -26 48 14 3.8 Markab
d-1 07 39 27.4 -38 18 29 4.8 
d-2 07 39 43.8 -38 08 22 5.8 
d-3 07 39 47.9 -38 15 38 5.8 
d-4 07 39 58.0 -37 34 46 6.0 
07 40 13.5 -19 39 39 5.9 
07 40 23.2 -15 15 50 5.0 
07 41 15.8 -38 32 01 5.4 
07 42 48.2 -26 21 05 5.6 
07 42 57.2 -45 10 18 5.0 
07 43 12.0 -36 03 00 5.6 
07 43 32.4 -28 24 39 4.6 
07 43 41.8 -40 56 00 5.1 
l 07 43 48.5 -28 57 17 4.0 
07 44 09.7 -36 03 46 5.8 
07 44 34.2 -24 40 27 5.6 
07 44 34.2 -37 56 35 5.9 
c 07 45 15.3 -37 58 07 3.6 
07 45 18.1 -43 45 09 6.0 
07 45 29.1 -14 41 26 6.0 
07 45 35.2 -34 10 36 5.4 
07 45 56.9 -14 33 50 5.0 
07 46 10.6 -37 56 01 5.9 
07 47 12.6 -22 31 10 5.9 
07 47 25.0 -38 30 40 5.1 
07 47 31.5 -46 36 31 5.2 
07 47 56.8 -12 11 34 5.6 
Omicr 07 48 05.2 -25 56 14 4.5 
Q 07 48 20.2 -47 04 39 4.7 
07 49 01.7 -24 54 44 5.3 
07 49 12.9 -46 51 28 5.8 
P 07 49 14.3 -46 22 24 4.1 
07 49 14.7 -35 14 36 5.9 
Ksi 07 49 17.7 -24 51 35 3.3 Asmidiske
07 49 35.4 -33 17 20 5.6 
07 49 41.2 -17 13 41 5.2 
07 50 23.9 -50 30 34 5.9 
07 51 40.4 -42 53 18 6.0 
07 51 43.1 -21 10 25 5.6 
07 51 46.3 -13 53 50 5.2 
a 07 52 13.0 -40 34 33 3.7 
07 52 15.8 -34 42 22 5.1 
07 52 18.9 -14 50 46 5.7 
b 07 52 38.7 -38 51 46 4.5 
07 53 03.5 -36 21 50 5.4 
07 53 03.6 -49 36 47 4.6 
J 07 53 18.2 -48 06 11 4.2 
07 54 11.0 -35 52 38 5.5 
j 07 56 51.6 -22 52 49 4.2 
07 56 57.8 -43 30 02 5.3 
N 07 57 18.4 -44 06 36 5.1 
07 57 40.1 -30 20 05 4.8 
O 07 57 51.7 -45 34 40 5.1 
07 58 14.4 -49 14 42 4.5 
07 59 01.8 -45 12 57 6.0 
07 59 05.7 -23 18 37 5.1 
07 59 28.4 -39 17 49 5.2 
07 59 52.1 -18 23 57 4.6 
08 00 14.7 -48 58 54 6.0 
08 01 37.5 -37 17 01 5.9 
08 02 44.8 -41 18 36 5.5 
08 03 04.2 -32 27 49 5.8 
Dzêta 08 03 35.1 -40 00 11 2.2 Naos
08 04 16.2 -32 40 29 5.2 
08 07 18.0 -20 33 16 5.3 
Rhô 08 07 32.7 -24 18 16 2.8 Tureis
08 09 01.6 -19 14 42 4.4 
08 09 28.5 -16 14 56 5.7 
08 09 47.9 -42 38 27 5.9 
08 10 40.0 -13 47 58 5.5 
08 11 16.3 -12 55 37 4.7 
h-1 08 11 21.5 -39 37 07 4.4 
08 11 25.9 -42 59 14 4.8 
08 13 20.0 -15 47 18 5.0 
r 08 13 29.5 -35 53 58 4.8 
08 13 58.3 -36 19 20 5.1 
h-2 08 14 02.9 -40 20 52 4.4 
08 14 13.3 -35 29 24 5.8 
08 18 17.4 -35 27 06 5.6 
08 18 23.8 -12 37 47 5.9 
q 08 18 33.4 -36 39 34 4.4 
08 21 21.0 -36 29 03 5.2 
08 21 21.2 -20 04 44 5.6 
w 08 21 23.0 -33 03 16 4.8 
08 21 54.7 -17 35 11 5.7 
08 22 49.9 -26 20 54 5.9 
08 24 55.2 -23 09 14 5.7 
08 24 57.2 -42 46 11 6.0 
08 25 03.8 -24 02 47 5.3 
08 25 19.0 -21 02 46 6.0 
08 25 51.9 -42 09 11 5.4 
08 25 55.6 -14 55 47 6.0 
08 26 42.0 -12 32 04 5.5 