Alpha 02 31 47.1 89 15 51 2.0 Polaris
13 26 08.0 72 23 29 5.8 
13 37 11.1 71 14 32 5.5 
13 42 39.4 78 03 52 5.9 
14 08 51.0 77 32 51 4.8 
14 12 04.1 69 25 58 5.2 
14 27 31.5 75 41 45 4.2 
14 50 19.6 82 30 45 5.6 
Bêta 14 50 42.4 74 09 20 2.1 Kochab
14 57 35.1 65 55 57 4.7 
15 14 38.0 67 20 52 5.1 
15 17 05.9 71 49 26 5.0 Pherkad-Minor
Gamma 15 20 43.7 71 50 02 3.0 Pherkad
Thêta 15 31 25.1 77 20 58 5.0 
15 37 39.2 69 17 00 5.6 
Dzêta 15 44 03.5 77 47 40 4.3 Alifa al-Farkadain
16 03 31.4 76 47 38 5.7 
16 10 49.5 75 52 39 5.5 
16 14 33.5 73 23 41 6.0 
Eta 16 17 30.5 75 45 17 5.0 Anwar al-Farkadain
16 25 43.5 78 57 49 5.6 
16 43 06.1 77 30 48 6.0 
Epsil 16 45 58.2 82 02 14 4.2 Urodelus
17 19 37.0 80 08 11 5.7 
17 30 47.0 86 58 05 5.8 
Delta 17 32 12.9 86 35 11 4.3 Yildun 