15 38 49.5 -52 22 21 5.4 
15 39 56.7 -59 54 28 5.9 
15 42 37.2 -49 29 22 6.0 
15 48 50.4 -52 26 18 6.0 
15 49 57.5 -48 54 45 5.8 
15 50 07.1 -53 12 35 5.8 
15 51 06.8 -55 03 20 5.8 
15 51 31.5 -47 03 39 6.0 
15 55 32.4 -60 10 39 5.9 
Eta 16 03 12.9 -49 13 47 4.6 
Iota-1 16 03 32.2 -57 46 30 4.7 
Delta 16 06 29.4 -45 10 24 4.7 
Iota-2 16 09 18.6 -57 56 03 5.6 
16 13 17.0 -53 40 16 6.0 
Dzêta 16 13 22.8 -55 32 27 5.8 
Kappa 16 13 28.7 -54 37 49 4.9 
Thêta 16 15 15.3 -47 22 19 5.1 
16 15 49.8 -57 54 44 5.6 
16 16 43.3 -53 48 40 5.5 
Gamma1 16 17 00.9 -50 04 05 5.0 
Lambd 16 19 17.6 -42 40 26 5.4 
Gamma2 16 19 50.6 -50 09 19 4.0 
16 20 25.2 -55 08 23 5.7 
16 22 28.0 -49 34 20 5.3 
16 22 29.1 -43 54 43 5.9 
Epsil 16 27 11.0 -47 33 17 4.5 
16 28 15.2 -58 35 59 5.7 
16 29 42.3 -46 14 36 5.3 
Mu 16 34 05.0 -44 02 43 4.9 