03 29 58.9 -78 21 06 5.7 
Delta 04 17 59.2 -80 12 51 5.7 
Nu 04 20 58.0 -81 34 49 5.8 
04 38 21.7 -77 39 22 6.0 
Mu 04 43 03.9 -70 55 52 5.5 
Eta 04 55 11.1 -74 56 13 5.5 
Ksi 04 58 51.0 -82 28 14 5.8 
Bêta 05 02 43.0 -71 18 52 5.3 
Gamma 05 31 52.7 -76 20 30 5.2 
05 34 44.8 -73 44 29 5.8 
Iota 05 35 36.1 -78 49 15 6.0 
Pi 05 37 08.8 -80 28 18 5.7 
Kappa 05 50 16.8 -79 21 41 5.5 
Alpha 06 10 14.2 -74 45 09 5.1 
Dzêta 06 40 02.9 -80 48 49 5.6 
Thêta 06 56 34.5 -79 25 13 5.5 
Epsil 07 25 38.2 -79 05 39 5.5 