Oméga 11 38 27.6 08 08 03 5.3 
11 43 55.1 -06 40 37 6.0 
Ksi 11 45 17.0 08 15 29 4.8 
Nu 11 45 51.6 06 31 47 4.0 
A-1 11 47 54.9 08 14 45 5.3 
Bêta 11 50 41.3 01 45 55 3.6 Zavijava
11 51 02.2 -05 20 00 5.6 
A-2 11 55 03.2 08 26 38 5.6 
b 11 59 56.9 03 39 19 5.4 
12 00 44.4 -10 26 41 5.5 
Pi 12 00 52.4 06 36 52 4.7 
Omicr 12 05 12.7 08 43 58 4.1 
12 09 41.3 01 53 54 6.0 
12 10 03.5 05 48 25 5.7 
12 13 26.0 10 15 44 5.8 
12 18 40.3 -00 47 14 5.9 
Eta 12 19 54.4 -00 40 00 3.9 Zaniah 
c 12 20 21.2 03 18 46 5.0 
12 25 11.8 -11 36 38 5.9 
q 12 33 46.8 -09 27 07 5.5 
f 12 36 47.4 -05 49 55 5.9 
12 38 22.5 01 51 17 5.7 
Khi 12 39 14.8 -07 59 44 4.6 
Gamma 12 41 40.0 -01 26 58 2.7 Porrima
Rhô 12 41 53.0 10 14 09 4.9 
d-1 12 41 57.2 06 48 24 5.6 
12 43 38.0 -01 34 37 5.9 
d-2 12 45 37.1 07 40 24 5.2 
12 46 22.4 09 32 27 5.7 
12 51 36.9 03 03 24 6.0 
12 54 18.7 -11 38 55 6.0 
Psi 12 54 21.2 -09 32 20 4.8 
Delta 12 55 36.5 03 23 51 3.4 Minelauva
k 12 59 39.5 -03 48 43 5.8 
13 00 36.0 -03 22 07 6.0 
Epsil 13 02 10.8 10 57 33 2.8 Vindemiatrix
13 03 46.0 -20 35 00 5.8 
13 03 46.0 -20 35 01 5.8 
13 07 53.8 -10 44 25 5.2 
g 13 08 32.5 -08 59 03 5.6 
13 09 12.4 10 01 21 5.8 
13 09 45.3 -10 19 46 6.0 
Thêta 13 09 57.0 -05 32 20 4.4 
13 12 03.5 -16 11 52 5.0 
13 12 33.0 11 33 22 5.8 
13 13 27.0 -18 49 33 6.0 
13 14 11.0 -19 55 53 5.3 
13 14 31.2 11 19 54 5.6 
13 15 58.6 -19 56 34 5.2 
e 13 16 46.7 09 25 25 5.2 
13 17 15.6 13 40 32 5.3 
Sigma 13 17 36.3 05 28 11 4.8 
13 18 25.0 -18 18 31 4.7 
13 21 41.7 02 05 15 5.7 
13 22 09.7 05 09 17 5.9 
13 23 01.1 -17 44 07 5.4 
13 23 18.9 -04 55 28 5.9 
13 24 33.1 -05 09 50 5.8 
Alpha 13 25 11.6 -11 09 40 1.0 Spica
13 26 11.5 -01 11 33 6.0 
i 13 26 43.2 -12 42 27 5.3 
13 27 27.2 -15 58 25 4.7 
13 28 26.0 13 46 49 5.0 
13 29 13.0 10 49 06 5.6 
l 13 31 57.9 -06 15 21 4.7 
13 32 02.9 -18 43 44 6.0 
13 32 51.7 -15 21 47 5.5 
h 13 32 58.1 -10 09 54 5.2 
o 13 34 07.9 03 39 32 4.9 
y 13 34 40.5 -13 12 52 5.9 
Dzêta 13 34 41.8 -00 35 45 3.4 Heze
13 35 31.3 -05 23 47 5.7 
m 13 41 36.8 -08 42 11 5.0 
13 43 03.9 03 32 17 5.4 
13 44 29.8 -16 10 45 5.6 
13 45 56.3 -12 25 36 5.5 
13 47 25.4 -17 51 35 5.4 
13 49 52.3 -18 08 03 5.0 
13 50 24.7 05 29 50 6.0 
p 13 54 42.2 -01 30 11 5.2 
13 56 27.9 01 03 02 5.9 
Tau 14 01 38.8 01 32 41 4.2 
14 06 42.9 -09 18 49 5.5 
14 10 50.5 -16 18 07 4.9 
14 12 15.8 02 24 34 5.0 
Kappa 14 12 53.7 -10 16 27 4.2 
14 13 40.7 -00 50 42 5.9 
14 15 24.1 -18 12 02 5.5 
Iota 14 16 00.9 -05 59 58 4.1 Syrma
14 18 38.3 -18 42 57 5.8 
Lambd 14 19 06.6 -13 22 16 4.5 
Upsil 14 19 32.5 -02 15 55 5.1 
14 24 11.4 05 49 12 5.1 
Phi 14 28 12.2 -02 13 41 4.8 
14 28 41.7 -06 54 01 5.4 
14 29 50.5 00 49 44 6.0 
14 30 45.4 04 46 20 6.0 
Mu 14 43 03.6 -05 39 27 3.9 
14 45 30.2 00 43 02 5.7 
14 46 15.0 01 53 35 3.7 
M 14 57 33.2 -00 10 03 5.5 1-Ser
14 59 23.1 04 34 04 5.9 
15 01 48.9 -00 08 25 5.7 2-Ser
15 02 54.1 02 05 29 4.4 Khambalia