522 01 48 10.9 16 57 20 5.9 
534 01 50 52.0 11 02 36 5.9 Cet
Gamma 546 01 53 31.8 19 17 42 3.8 Mesarthim
Bêta 553 01 54 38.3 20 48 30 2.7 Sheratan
559 01 55 51.0 23 34 38 5.7 
Iota 563 01 57 21.0 17 49 03 5.1 
Lambd 569 01 57 55.8 23 35 46 4.8 
577 01 59 35.6 21 03 31 5.9 
601 02 02 35.1 13 28 36 6.0 
605 02 03 39.3 25 56 08 5.7 
Kappa 613 02 06 33.9 22 38 54 5.0 
615 02 06 49.2 25 42 17 6.0 
Alpha 617 02 07 10.3 23 27 46 2.0 Hamal
623 02 09 25.3 25 56 24 5.0 
631 02 10 37.5 19 30 01 5.7 
633 02 11 12.1 25 56 13 6.0 
644 02 12 37.5 24 10 04 6.0 
Eta 646 02 12 48.0 21 12 40 5.2 
648 02 13 03.2 15 16 48 5.7 
657 02 15 42.8 25 02 36 5.6 
656 02 15 45.9 25 46 59 5.8 
Thêta 669 02 18 07.5 19 54 04 5.6 
Ksi 702 02 24 49.0 10 36 38 5.5 
728 02 30 32.3 25 14 07 5.9 
741 02 32 54.1 15 02 04 6.0 
763 02 36 37.7 12 26 52 5.6 
Nu 773 02 38 49.0 21 57 41 5.4 
782 02 40 41.0 27 03 40 5.3 
Mu 793 02 42 21.9 20 00 42 5.7 
801 02 43 27.1 27 42 26 4.6 
Omicr 809 02 44 33.0 15 18 43 5.8 
812 02 44 57.5 12 26 45 5.2 
824 02 47 54.4 29 14 51 4.5 
828 02 48 32.1 18 17 02 5.8 
830 02 48 45.9 25 11 17 5.9 
Pi 836 02 49 17.6 17 27 52 5.3 
838 02 49 59.0 27 15 39 3.6 Bharani
Sigma 847 02 51 29.6 15 04 56 5.5 
Rhô 2 867 02 55 48.5 18 19 54 5.8 
Rhô 3 869 02 56 26.0 18 01 25 5.6 
878 02 58 05.1 20 40 08 5.8 
Epsil 888 02 59 12.7 21 20 26 4.6 
902 03 00 44.1 10 52 14 5.9 
905 03 01 54.2 26 27 44 5.9 
927 03 05 26.7 25 15 19 5.5 
931 03 06 23.7 13 11 15 5.6 
944 03 09 36.7 29 04 38 5.7 
946 03 10 27.0 26 53 46 6.0 
948 03 10 38.8 11 52 22 6.0 
Delta 951 03 11 37.7 19 43 36 4.3 Botein
954 03 12 14.2 27 15 25 5.8 
Dzêta 972 03 14 54.1 21 02 41 4.9 
971 03 15 20.4 30 33 24 5.6 
995 03 19 55.8 27 04 17 5.9 
999 03 20 20.4 29 02 55 4.5 
Tau 1 1005 03 21 13.6 21 08 50 5.3 
1012 03 22 11.9 27 36 27 5.5 
Tau 2 1015 03 22 45.3 20 44 32 5.1 
1022 03 24 18.5 24 43 27 5.5 
1048 03 28 26.6 22 48 15 6.0 