13 36 59.1 24 36 48 5.7 
13 39 34.7 10 44 47 5.6 
13 40 40.5 19 57 20 5.7 
13 41 02.4 22 29 45 5.6 
13 46 43.3 25 42 09 6.0 
Tau 13 47 16.0 17 27 24 4.5 
Upsil 13 49 28.7 15 47 52 4.0 
e 13 49 42.8 21 15 51 4.9 
13 53 13.0 17 55 58 5.7 
Eta 13 54 41.1 18 23 55 2.7 Mufrid
13 56 34.2 27 29 32 5.0 
13 58 38.9 21 41 47 5.8 
13 58 39.9 14 38 58 6.0 
14 01 20.4 08 53 42 6.0 
14 07 55.7 43 51 16 5.2 
14 08 17.4 49 27 29 5.3 
d 14 10 23.9 25 05 31 4.8 
Kappa2 14 13 28.9 51 47 24 4.5 Asellus-tertius
14 14 05.3 12 57 34 5.5 
14 14 50.9 10 06 04 5.3 
Alpha 14 15 40.3 19 11 14 0.1 Arcturus
14 16 04.1 18 54 43 6.0 
Iota 14 16 10.1 51 22 01 4.7 
Lambd 14 16 23.2 46 05 17 4.2 Asellus-secundus
14 17 28.4 15 15 48 5.9 101-Vir
A 14 17 59.8 35 30 34 4.8 
14 19 16.2 13 00 16 5.4 
14 19 45.3 16 18 24 4.8 
14 23 22.7 08 26 43 4.8 
14 23 22.7 08 26 48 5.0 
14 24 00.9 08 14 38 5.9 
Thêta 14 25 12.0 51 51 06 4.0 Asellus-primus
f 14 26 27.4 19 13 37 5.4 
g 14 28 38.1 49 50 42 5.6 
Rhô 14 31 49.9 30 22 16 3.6 Hemelein-Prima
Gamma 14 32 04.8 38 18 28 3.0 Segin
14 32 20.3 26 40 38 6.0 
14 32 32.6 22 15 36 5.9 
14 34 38.5 36 37 34 6.0 
14 34 39.7 49 22 06 5.7 
Sigma 14 34 40.7 29 44 41 4.5 Hemelein-Secunda
14 38 12.7 43 38 31 5.7 
14 38 14.0 18 17 55 5.9 
14 38 15.2 54 01 24 5.8 
14 38 50.3 44 24 16 5.4 
14 40 42.4 13 32 04 5.9 
Pi 14 40 43.6 16 25 06 4.5 
Dzêta 14 41 08.9 13 43 42 3.9 
14 41 38.8 08 09 42 4.9 
14 41 43.6 11 39 39 5.5 
14 43 25.4 26 31 40 4.8 
14 43 44.4 40 27 33 5.7 
Epsil 14 44 59.3 27 04 27 2.4 Izar 
Omicr 14 45 14.5 16 57 52 4.6 
14 46 06.0 15 07 54 5.9 
h 14 49 18.7 46 06 59 5.8 Merga
14 49 58.4 28 36 57 5.8 
14 50 15.7 23 54 42 5.9 
14 50 29.8 37 16 19 5.5 
Ksi 14 51 23.3 19 06 02 4.7 
14 53 24.0 19 09 08 6.0 
14 56 13.2 14 26 47 5.9 
14 56 22.9 49 37 44 5.6 
14 57 11.7 16 23 17 5.7 
14 59 37.0 39 15 55 5.6 
Bêta 15 01 56.8 40 23 26 3.5 Nekkar 
Oméga 15 02 06.5 25 00 30 4.8 
15 03 06.1 35 12 21 5.5 
i 15 03 47.7 47 39 14 4.8 
Psi 15 04 26.9 26 56 52 4.5 
k 15 05 25.9 48 09 03 5.6 
15 06 16.7 54 33 23 5.2 
c 15 07 17.9 24 52 11 4.9 
15 07 20.3 18 26 31 6.0 
b 15 08 23.8 26 18 04 5.7 
15 08 35.6 25 06 31 5.8 
15 14 06.0 31 47 17 6.0 
Khi 15 14 29.2 29 09 51 5.3 
Delta 15 15 30.1 33 18 54 3.5 
15 20 05.1 51 57 31 5.6 
15 21 48.6 32 56 01 5.4 
15 22 37.4 39 34 53 5.5 
Mu-1 15 24 29.5 37 22 37 4.3 Alkalurops
15 26 17.5 34 20 09 5.5 
Nu-1 15 30 55.8 40 49 59 5.0 
Nu-2 15 31 47.0 40 53 58 5.0 
Phi 15 37 49.6 40 21 12 5.3 
15 38 16.1 46 47 53 5.8 
15 38 34.2 50 25 24 5.8 
15 42 50.8 52 21 39 5.5 