Alpha 08 18 31.3 -76 55 12 4.1 
Thêta 08 20 38.9 -77 29 04 4.3 
08 24 20.4 -80 54 53 5.7 
Eta 08 41 19.6 -78 57 48 5.5 
08 45 55.2 -79 30 16 5.8 
Iota 09 24 09.7 -80 47 14 5.3 
Dzêta 09 33 53.5 -80 56 29 5.1 
Nu 09 46 20.4 -76 46 34 5.4 
Mu 1 10 00 43.9 -82 12 53 5.5 
Gamma 10 35 28.2 -78 36 28 4.1 
10 41 51.6 -79 47 00 6.0 
Delta1 10 45 16.4 -80 28 10 5.5 
Delta2 10 45 47.1 -80 32 25 4.4 
Pi 11 37 15.9 -75 53 48 5.6 
Epsil 11 59 37.7 -78 13 19 4.9 
Kappa 12 04 46.7 -76 31 09 5.0 
Bêta 12 18 20.9 -79 18 44 4.2 
13 14 17.4 -78 26 51 5.8 
13 55 39.0 -82 39 58 5.9 