19 08 25.9 52 25 33 5.9 
19 16 51.4 46 59 54 6.0 
Kappa 19 17 06.1 53 22 05 3.8 
19 24 07.6 29 37 17 5.0 
19 26 09.1 36 19 04 5.2 
Iota1 19 27 26.0 52 19 14 5.7 
Iota2 19 29 42.3 51 43 46 3.8 
Bêta 19 30 43.3 27 57 35 3.1 Albiréo
19 31 19.4 50 18 24 5.5 
19 31 46.3 34 27 11 4.7 
19 34 19.8 51 14 13 5.7 
19 34 41.3 42 24 45 5.3 
19 34 50.9 29 27 46 5.4 
19 35 48.3 36 56 40 6.0 
Thêta 19 36 26.5 50 13 14 4.5 
19 36 38.1 44 41 43 5.2 
19 38 41.1 54 58 24 5.9 
Phi 19 39 22.6 30 09 12 4.7 
19 39 26.5 42 49 06 5.4 
19 40 50.1 45 31 29 5.1 
c 19 41 49.1 50 31 32 5.3 
19 42 44.6 32 25 36 5.9 
19 43 45.1 41 46 23 5.9 
19 44 16.6 37 21 15 4.9 
Delta 19 44 58.4 45 07 50 2.9 Rukh
19 46 25.6 33 43 43 5.0 
19 47 27.8 38 24 27 5.8 
19 50 34.0 38 43 20 5.2 
19 50 37.3 40 35 59 5.7 
d 19 50 37.7 52 59 17 5.0 
19 51 59.1 47 01 38 5.6 
19 52 07.2 47 55 55 5.9 
19 53 17.4 57 31 24 5.1 
19 54 48.2 36 59 44 5.8 
Psi 19 55 37.8 52 26 20 5.0 
19 55 51.8 38 29 12 4.9 
19 55 55.4 58 50 46 5.0 
Eta 19 56 18.4 35 05 01 3.9 
19 56 44.1 36 15 02 6.0 
19 57 13.9 40 22 04 5.5 
19 58 38.0 30 59 01 5.5 
19 59 20.4 45 46 21 5.9 
19 59 55.2 37 02 34 5.1 
e 20 01 21.5 50 06 17 5.0 
20 03 36.9 29 53 53 5.7 
20 04 36.2 32 13 07 5.6 
20 06 13.6 53 09 54 5.8 
B1 20 06 21.9 35 58 25 5.4 
B2 20 09 25.6 36 50 23 4.9 
20 12 31.7 51 27 49 6.0 
20 13 18.0 46 48 56 4.8 
20 13 23.8 56 34 03 4.3 
Omicr1 20 13 37.9 46 44 29 3.8 
B3 20 14 32.0 36 48 22 4.9 
20 15 23.8 33 43 46 5.7 
Omicr2 20 15 28.3 47 42 51 4.0 
20 16 00.6 45 34 47 5.9 
20 16 55.3 40 21 54 5.3 
P 20 17 47.2 38 01 59 4.8 
20 18 07.0 40 43 56 6.0 
20 18 24.8 55 23 50 5.9 
20 18 28.6 36 59 59 5.6 
20 18 39.1 34 58 58 5.2 
20 22 05.3 45 47 42 5.6 
Gamma 20 22 13.7 40 15 24 2.2 Sadr
20 22 45.3 41 01 34 5.9 
20 23 44.4 37 28 35 5.9 
20 23 51.6 32 11 25 4.4 
20 27 02.2 49 23 00 5.7 
20 27 34.3 38 26 26 5.6 
20 29 20.4 36 27 17 5.9 
20 29 23.7 30 22 07 4.0 
20 29 27.1 56 04 05 5.9 
Oméga1 20 30 03.5 48 57 06 4.9 Ruchba-1
Oméga2 20 31 18.8 49 13 13 5.5 Ruchba-2
20 33 54.2 35 15 03 4.6 
20 33 54.8 46 41 38 5.8 
20 38 59.5 30 20 04 5.7 
20 40 03.2 43 27 32 6.0 
20 40 36.3 29 48 20 6.0 
20 41 02.5 32 18 26 5.7 
Alpha 20 41 25.9 45 16 49 1.3 Deneb
20 41 56.5 41 43 01 5.7 
20 42 12.6 50 20 24 5.4 
20 45 39.8 30 43 11 4.2 
Epsil 20 46 12.4 33 58 10 2.5 Gienah
20 47 10.7 34 22 27 4.9 
Lambd 20 47 24.5 36 29 27 4.6 
20 47 49.3 47 49 55 5.6 
20 48 56.3 46 06 51 4.8 
20 50 04.8 44 03 32 5.1 
20 53 14.7 44 23 14 4.8 
20 53 18.6 45 10 54 5.5 
20 53 53.9 33 26 16 5.5 
20 55 49.8 47 25 04 5.7 
20 56 25.4 50 43 43 5.8 
20 56 25.9 49 11 45 5.9 
20 56 34.8 44 55 29 6.0 
Nu 20 57 10.4 41 10 02 3.9 
20 58 19.4 44 28 18 5.5 
20 58 30.0 50 27 42 5.9 
f1 20 59 49.6 47 31 15 4.7 
21 01 10.9 46 09 21 5.4 
21 01 12.9 36 01 34 6.0 
21 03 47.6 53 17 09 5.9 
Ksi 21 04 55.9 43 55 40 3.7 
21 06 30.2 31 11 05 5.8 
f2 21 06 36.1 47 38 54 4.5 
21 06 50.8 38 44 29 4.9 
21 08 38.9 30 12 20 5.7 
21 10 15.6 53 33 47 5.7 
Dzêta 21 12 56.2 30 13 37 3.2 
Tau 21 14 47.3 38 02 40 3.7 
Sigma 21 17 25.0 39 23 41 4.2 
Upsil 21 17 55.1 34 53 49 4.4 
A 21 18 27.2 43 56 45 5.0 
21 19 22.2 38 14 15 5.9 
21 19 28.7 49 30 37 5.7 
21 21 21.9 32 36 46 6.0 
21 22 00.4 49 23 19 5.7 
21 25 19.4 46 42 51 5.6 
21 25 47.0 36 40 03 5.9 
21 26 45.0 52 53 55 6.0 
21 26 51.6 48 50 06 5.3 
21 27 21.4 37 07 00 5.3 
21 28 08.2 32 13 30 5.7 
g 21 29 26.9 46 32 25 5.2 
21 30 20.3 52 57 29 6.0 
21 32 56.6 49 58 39 5.8 
Rhô 21 33 58.9 45 35 31 4.0 
21 34 46.5 38 32 02 4.9 
21 36 02.4 45 22 29 6.0 
21 36 57.0 40 24 49 5.0 
21 40 11.1 43 16 26 5.1 
21 42 01.1 35 30 37 6.0 
Pi1 21 42 05.7 51 11 23 4.7 Azelfafage
21 42 22.9 41 04 37 5.7 
21 43 06.5 41 09 18 5.5 
21 43 25.6 38 17 01 5.7 
Mu 21 44 08.4 28 44 36 4.5 
Pi2 21 46 47.6 49 18 34 4.2 Pennae-Caudalis
22 01 50.6 52 52 56 5.8 
22 02 56.7 44 39 00 5.6 