11 07 16.8 -42 38 20 5.2 
11 12 33.1 -49 06 04 5.4 
11 13 14.7 -44 22 20 5.8 
11 13 39.4 -53 13 55 5.7 
Pi 11 21 00.4 -54 29 28 3.9
11 23 08.2 -56 46 46 5.8 
11 23 12.7 -36 09 53 5.0 
11 25 29.5 -36 03 47 5.2 
11 25 33.1 -37 44 51 5.9 
11 25 43.6 -63 58 20 5.2 
11 26 35.4 -61 06 55 5.3 
11 26 47.3 -53 09 36 5.8 
11 28 35.1 -42 40 27 5.1 
Omicr1 11 31 46.1 -59 26 31 5.1 
Omicr2 11 31 48.8 -59 30 56 5.2 
11 32 48.1 -40 26 11 5.6 
11 33 37.3 -40 35 12 5.4 
A 11 34 45.7 -54 15 51 4.6 
11 34 57.0 -49 08 13 5.5 
C1 11 35 13.4 -47 22 21 5.7 
Lambd 11 35 46.9 -63 01 11 3.1 
C2 11 35 55.6 -47 38 29 5.3 
11 36 22.4 -61 03 09 5.8 
11 37 00.8 -61 17 00 5.1 
C3 11 37 34.1 -47 44 51 5.5 
11 38 07.4 -61 49 36 5.1 
11 40 42.5 -53 58 07 6.0 
11 40 53.7 -62 05 24 4.9 
11 41 19.9 -43 05 44 5.5 
11 43 27.2 -37 11 24 6.0 
11 43 31.2 -62 29 22 5.0 
11 45 44.0 -45 41 25 5.3 
11 46 30.8 -61 10 42 4.1 
11 46 32.2 -40 30 05 4.9 
11 47 19.2 -57 41 48 5.4 
j 11 49 41.1 -63 47 19 4.3 
11 50 27.3 -62 38 58 5.7 
B 11 51 08.8 -45 10 24 4.5 
11 52 10.4 -56 59 16 5.6 
11 54 11.5 -57 24 37 6.0 
11 55 00.0 -63 16 45 5.9 
11 59 10.9 -51 41 48 6.0 
12 03 39.3 -42 26 02 5.2 
12 08 05.3 -50 39 41 4.5 
E 12 08 14.7 -48 41 33 5.3 
Delta 12 08 21.5 -50 43 21 2.6 
12 08 53.8 -44 19 33 5.7 
12 08 54.6 -41 13 54 5.5 
Rhô 12 11 39.2 -52 22 06 4.0 
12 13 25.1 -38 55 45 5.8 
D 12 14 02.7 -45 43 26 5.3 
F 12 18 59.8 -55 08 35 5.0 
x1 12 23 35.4 -35 24 46 5.3 
12 23 44.8 -38 54 41 5.8 
x2 12 25 21.8 -35 11 11 5.7 
G 12 26 31.8 -51 27 02 4.8 
Sigma 12 28 02.4 -50 13 50 3.9 
u 12 28 22.5 -39 02 28 5.4 
12 29 57.9 -41 44 09 6.0 
12 34 42.5 -44 40 21 5.8 
12 35 45.6 -41 01 19 5.1 
12 36 01.1 -39 52 10 5.8 
Tau 12 37 42.3 -48 32 29 3.8 
l 12 39 52.6 -39 59 14 4.6 
12 41 23.0 -46 08 45 5.8 
Gamma 12 41 31.2 -48 57 36 2.2 Muhlifein
w 12 42 35.6 -48 48 47 4.7 
12 46 46.2 -33 18 55 5.9 
p 12 50 41.2 -33 59 57 4.9 
12 50 57.9 -52 47 15 5.7 
12 51 57.0 -39 40 49 6.0 
12 53 04.3 -54 57 09 5.9 
e 12 53 07.0 -48 56 36 4.3 
n 12 53 26.1 -40 10 44 4.3 
12 54 58.7 -44 09 05 5.9 
12 55 19.5 -42 54 57 5.5 
H 12 57 04.4 -51 11 55 5.2 
13 00 32.7 -33 30 18 6.0 
Ksi1 13 03 33.3 -49 31 38 4.8 
f 13 06 16.7 -48 27 48 4.7 
13 06 35.0 -41 35 18 5.6 
13 06 54.2 -35 51 43 5.6 
Ksi2 13 06 54.7 -49 54 22 4.3 
13 07 24.3 -59 51 38 6.0 
13 07 38.3 -53 27 35 5.7 
13 10 58.5 -52 34 01 6.0 
13 11 08.9 -42 13 58 5.8 
13 11 23.3 -43 22 07 5.2 
13 12 03.5 -37 48 11 4.8 
13 12 17.6 -59 55 14 4.6 
13 13 23.4 -50 41 59 5.9 
13 14 12.1 -58 41 02 5.9 
13 14 15.4 -59 06 10 4.9 
13 14 43.4 -48 57 24 5.8 
r 13 16 53.1 -31 30 22 5.1 
13 17 13.9 -43 58 46 5.8 
Iota 13 20 36.1 -36 42 43 2.7 Alhakim
13 20 37.9 -52 44 52 5.4 
13 20 48.3 -55 48 03 6.0 
13 20 57.8 -46 52 48 5.7 
13 22 16.3 -52 10 59 5.8 
J 13 22 38.0 -60 59 18 4.5 
m 13 24 00.4 -64 32 08 4.5 
13 25 14.1 -64 29 06 5.3 
13 26 07.6 -39 45 18 5.1 
13 26 56.1 -41 29 51 5.7 
K 13 29 25.3 -51 09 54 5.0 
d 13 31 02.7 -39 24 26 3.9 
13 37 06.1 -44 08 35 6.0 
13 37 12.2 -61 41 30 5.6 
13 37 23.5 -46 25 40 5.9 
13 38 49.0 -57 37 22 6.0 
13 39 48.6 -40 03 06 5.6 
Epsil 13 39 53.3 -53 27 59 2.3 Birdun
13 39 59.9 -49 57 00 5.9 
13 40 10.8 -64 34 36 5.8 
Q 13 41 44.8 -54 33 34 5.0 
13 42 01.1 -58 47 13 5.4 
13 42 55.1 -41 24 03 6.0 
13 42 56.1 -56 46 05 6.0 
13 43 40.1 -42 04 03 6.0 
i 13 45 41.6 -33 02 36 4.2 
M 13 46 39.4 -51 25 58 4.6 
z 13 46 56.4 -36 15 07 5.2 
13 47 27.6 -50 14 58 5.9 
13 47 38.7 -50 19 14 5.5 
g 13 49 26.8 -34 27 02 4.3 
Nu 13 49 30.3 -41 41 16 3.4 Kabkent Secunda
Mu 13 49 37.0 -42 28 25 3.5 Kabkent Prima
13 51 47.2 -46 53 55 5.8 
k 13 51 49.6 -32 59 38 4.3 
N 13 52 04.9 -52 48 41 5.3 
h 13 53 12.5 -31 55 39 4.7 
y 13 53 32.8 -35 39 51 5.8 
13 53 43.1 -53 22 24 5.9 
13 53 57.2 -47 07 41 5.9 
13 55 12.2 -52 09 39 5.7 
Dzêta 13 55 32.4 -47 17 18 2.5 Alnair
13 56 19.9 -46 35 34 5.8 
13 56 33.0 -54 42 15 6.0 
13 57 38.9 -63 41 12 4.7 
Phi 13 58 16.3 -42 06 03 3.8 Kabkent Tertia
Upsil1 13 58 40.8 -44 48 13 3.8 
13 59 17.5 -50 22 11 5.9 
Upsil2 14 01 43.5 -45 36 12 4.3 
14 03 26.6 -56 12 48 5.9 
Bêta 14 03 49.4 -60 22 23 0.6 Agena
Khi 14 06 02.8 -41 10 46 4.3 
Thêta 14 06 41.3 -36 22 07 2.1 Menkent
14 09 35.1 -51 30 17 6.0 
14 09 55.0 -53 26 19 4.7 
14 13 16.4 -53 39 56 5.6 
14 14 42.8 -41 50 15 5.6 
14 14 57.2 -57 05 10 5.0 
14 19 23.9 -37 00 10 5.9 
14 19 51.7 -61 16 22 5.2 
v 14 20 19.6 -56 23 11 4.3 
Psi 14 20 33.5 -37 53 07 4.0 
14 22 19.7 -34 47 12 5.6 
14 22 37.1 -58 27 33 4.8 
a 14 23 02.3 -39 30 42 4.4 
14 31 10.8 -38 52 11 6.0 
Eta 14 35 30.5 -42 09 28 2.3 Marfikent
14 35 31.5 -41 31 03 5.9 
14 36 44.2 -40 12 41 5.7 
14 38 19.3 -38 47 39 6.0 
Alpha 14 39 40.9 -60 50 07 -0.2 Toliman
14 41 01.4 -36 08 05 5.7 
b 14 41 57.6 -37 47 36 4.0 
c1 14 43 39.5 -35 10 24 4.1 
c2 14 44 59.2 -35 11 31 4.9 
14 47 05.1 -38 17 26 5.9 
14 48 38.1 -36 38 05 6.0 
14 52 51.1 -37 48 11 5.0 
14 54 37.9 -33 18 02 5.8 
14 55 44.7 -33 51 21 5.3 
Kappa 14 59 09.7 -42 06 15 3.1 
15 01 13.1 -38 03 30 5.9 