Ksi 2 20 12 25.8 -12 37 01 5.8 
20 15 16.6 -27 01 57 5.7 
Alpha1 20 17 38.9 -12 30 30 4.2 Algedi prima
20 18 01.4 -21 48 36 5.9 
Alpha2 20 18 03.2 -12 32 41 3.6 Algedi secunda 
Sigma 20 19 23.6 -19 07 07 5.3 
Nu 20 20 39.8 -12 45 33 4.8 Alshat
Bêta 20 21 00.6 -14 46 53 3.1 Dabih
Pi 20 27 19.2 -18 12 42 5.1 Okul
Rhô 20 28 51.6 -17 48 49 4.8 Bos 
Omicr 20 29 53.9 -18 34 59 5.9 
20 32 23.5 -09 51 13 5.7 
Tau 20 39 16.3 -14 57 17 5.2 
Upsil 20 40 03.0 -18 08 19 5.2 
20 40 32.6 -16 07 28 5.8 
Psi 20 46 05.8 -25 16 14 4.1 
20 46 10.0 -21 30 50 5.9 
20 49 17.6 -25 46 52 5.9 
Oméga 20 51 49.3 -26 55 09 4.1 Baten Algiedi
20 54 47.9 -17 55 22 5.8 
20 56 47.3 -26 17 46 5.7 
20 57 40.6 -16 01 54 5.9 
21 01 45.3 -26 52 51 6.0 
Eta 21 04 24.3 -19 51 18 4.8 Armus
Thêta 21 05 56.8 -17 13 58 4.1 Dorsum 
A 21 07 07.7 -25 00 21 4.5 
Khi 21 08 33.6 -21 11 37 5.3 
21 15 06.6 -17 20 42 6.0 
Phi 21 15 37.9 -20 39 06 5.2 
21 15 44.8 -15 10 17 5.3 
21 17 57.3 -17 59 06 5.4 
Iota 21 22 14.8 -16 50 04 4.3 
21 23 00.5 -22 40 09 5.6 
21 24 09.6 -20 51 06 5.4 
Dzêta 21 26 40.0 -22 24 41 3.7 Marakk 
21 27 14.8 -21 11 46 5.8 
b 21 28 43.3 -21 48 26 4.5 
21 34 51.1 -20 05 04 5.7 
Epsil 21 37 04.8 -19 27 58 4.5 Kastra
Gamma 21 40 05.3 -16 39 44 3.7 Nashira 
21 41 32.9 -14 02 49 5.2 
21 42 00.6 -23 15 45 5.2 
Kappa 21 42 39.4 -18 51 59 4.7 
21 43 04.4 -14 23 59 5.9 
21 44 01.0 -14 44 58 6.0 
c 21 45 00.2 -09 04 57 5.1 
21 46 16.3 -09 16 33 6.0 
Lambd 21 46 32.1 -11 21 57 5.6 
Delta 21 47 02.3 -16 07 36 2.8 Deneb Algiedi
Mu 21 53 17.6 -13 33 06 5.1 