12 00 51.2 -19 39 32 5.3 31-Crt
Alpha 12 08 24.8 -24 43 44 4.0 Alchiba
Epsil 12 10 07.5 -22 37 11 3.0 Minkar
12 11 03.9 -23 36 09 5.4 
12 14 59.6 -20 50 39 5.8 
Gamma 12 15 48.5 -17 32 31 2.6 Gienah
12 17 03.4 -16 41 37 6.0 
12 20 10.8 -22 10 32 5.9 
Dzêta 12 20 33.7 -22 12 57 5.2 
12 20 55.7 -13 33 57 5.1 
12 23 21.6 -24 50 26 5.7 
Delta 12 29 52.0 -16 30 54 3.0 Algorab
12 30 17.5 -23 41 47 5.6 
Eta 12 32 04.5 -16 11 45 4.3 Avis-Satyra
12 32 36.1 -13 51 32 5.7 
12 33 34.3 -12 49 49 5.6 
Bêta 12 34 23.2 -23 23 48 2.6 Kraz
12 38 44.7 -18 15 01 6.0 
12 41 16.0 -13 00 50 5.2 
12 41 49.5 -19 45 33 6.0 