13 51 47.4 -69 24 04 5.8 
13 54 49.1 -67 39 07 5.7 
14 00 52.6 -66 16 08 6.0 
14 16 38.7 -66 35 16 5.8 
14 25 06.3 -68 11 43 5.6 
14 27 07.1 -65 49 18 5.8 
14 31 16.4 -67 43 01 5.8 
14 37 46.8 -67 55 53 6.0 
Alpha 14 42 30.7 -64 58 28 3.2 
14 45 17.2 -62 52 32 5.4 
14 48 44.6 -66 35 37 5.9 
14 52 35.3 -63 48 35 5.9 
14 55 34.7 -60 06 50 5.2 
Thêta 14 56 44.0 -62 46 52 5.1 
Eta 15 04 48.0 -64 01 53 5.2 
15 16 36.7 -60 54 14 5.8 
Delta 15 16 56.9 -60 57 26 5.1 
Bêta 15 17 31.0 -58 48 03 4.1 
Epsil 15 17 38.9 -63 36 38 4.8 
15 18 49.1 -60 29 47 5.4 
15 23 10.6 -60 39 26 5.6 
Gamma 15 23 22.7 -59 19 15 4.5  