20 20 00.2 13 32 53 5.9 
Epsil 20 33 12.8 11 18 12 4.0 Deneb-Dulfim
Eta 20 33 57.0 13 01 38 5.4 
Dzêta 20 35 18.5 14 40 27 4.7 
Bêta 20 37 32.9 14 35 43 3.6 Rotanev
Iota 20 37 49.1 11 22 40 5.4 
Thêta 20 38 44.0 13 18 54 5.7 
20 39 05.0 15 50 18 6.0 
Kappa 20 39 07.6 10 05 10 5.1 
Alpha 20 39 38.3 15 54 43 3.8 Svalocin
20 41 16.2 14 34 58 6.0 
Delta 20 43 27.5 15 04 29 4.4 
Gamma2 20 46 39.5 16 07 29 3.8 
20 47 48.3 06 00 30 5.6 
20 49 37.7 12 32 42 6.0 
20 55 36.7 13 43 18 5.2 
20 55 38.6 12 34 07 5.5 
20 58 26.0 10 50 22 5.5 
21 00 27.7 19 19 47 5.7 