09 37 05.4 81 19 35 4.3 
10 35 05.6 75 42 47 4.8 
Lambd 11 31 24.3 69 19 52 3.8 Giausar
11 36 02.6 69 19 24 5.2 
11 42 28.4 66 44 41 5.3 
12 15 08.5 70 12 00 5.7 
12 18 50.1 75 09 38 5.5 
12 30 06.8 69 12 05 5.0 
Kappa 12 33 29.0 69 47 18 3.9 Ketu
12 34 44.1 70 01 18 4.9 
12 47 34.3 66 47 25 5.4 
12 55 28.6 65 26 19 5.2 
12 58 47.3 75 28 21 6.0 
12 59 55.3 66 35 50 5.4 
13 01 47.2 63 36 37 6.0 
13 41 29.8 64 49 21 5.8 
i 13 51 25.9 64 43 24 4.6 
Alpha 14 04 23.4 64 22 33 3.6 Thuban
14 32 30.9 55 23 53 5.7 
14 51 26.6 59 17 37 5.5 
15 01 27.1 60 12 16 5.9 
15 22 37.2 62 02 50 6.0 
15 22 38.4 63 20 30 5.7 
Iota 15 24 55.8 58 57 58 3.3 Edasich
15 27 51.4 60 40 13 5.9 
15 30 55.9 64 12 31 5.7 
15 35 16.2 53 55 20 6.0 
15 35 57.1 54 37 50 5.8 
15 37 32.0 54 30 32 5.8 
15 46 34.9 55 28 29 5.9 
15 46 40.0 62 35 59 5.2 
15 47 37.9 55 22 36 5.9 
15 52 16.6 55 49 36 5.8 
15 57 47.6 54 44 58 5.0 
Thêta 16 01 53.7 58 33 52 4.0 
16 02 05.6 52 54 58 5.9 
16 06 19.7 67 48 36 5.4 
16 17 15.3 59 45 18 5.4 
16 21 48.7 69 06 34 5.3 
16 23 47.2 61 41 47 5.8 
Eta 16 23 59.5 61 30 51 2.7 Aldhibain
16 24 25.3 55 12 18 5.7 
A 16 27 59.1 68 46 05 5.0 
16 32 25.7 60 49 24 5.9 
16 36 11.4 52 54 00 5.5 
16 36 13.7 52 55 28 5.4 
16 38 00.5 56 00 55 5.3 
g 16 40 55.1 64 35 21 4.8 
16 45 17.8 56 46 54 4.8 
h 16 56 01.4 65 08 05 4.9 
16 59 21.6 56 41 19 6.0 
Mu 17 05 20.2 54 28 12 4.9 Arrakis
Dzêta 17 08 47.2 65 42 53 3.2 Nodus-I
17 12 32.6 62 52 27 5.5 
17 21 45.4 53 25 14 5.7 
17 25 41.4 60 02 54 5.6 
Bêta 17 30 26.0 52 18 05 2.8 Rastaban
f 17 31 57.9 68 08 05 5.1 
Nu-1 17 32 10.4 55 11 03 4.9 Kuma-1
Nu-2 17 32 15.9 55 10 22 4.9 Kuma-2
17 34 59.3 61 52 33 5.2 
Oméga 17 36 57.1 68 45 26 4.8 
17 37 08.8 72 27 21 5.9 
17 41 21.8 51 49 05 6.0 
Psi-1 17 41 56.3 72 08 58 4.2 Dziban
17 43 59.2 53 48 06 5.7 
17 49 04.3 50 46 50 5.0 
17 49 26.9 76 57 44 5.0 
Ksi 17 53 31.6 56 52 21 3.7 Grumium
Psi-2 17 55 11.1 72 00 18 5.4 
Gamma 17 56 36.4 51 29 20 2.2 Eltanin
18 00 03.4 80 00 02 6.0 
18 00 09.1 80 00 14 5.7 
18 10 31.5 54 17 09 6.0 
18 13 53.4 64 23 50 5.0 
18 15 17.0 68 45 21 6.0 
Phi 18 20 45.4 71 20 16 4.2 Batentaban-Australis
Khi 18 21 02.3 72 44 01 3.6 Batentaban-Borealis
18 21 32.7 49 07 17 5.0 
b 18 23 54.6 58 48 02 5.0 
18 25 59.0 65 33 49 4.8 
18 29 45.0 77 32 49 5.6 
d 18 32 34.5 57 02 44 4.8 
18 33 56.7 52 21 13 5.4 
18 37 33.5 62 31 35 5.7 
18 39 52.8 52 11 46 6.0 
c 18 42 38.0 55 32 22 5.0 
18 44 18.3 61 02 53 6.0 
18 45 46.8 74 05 07 5.2 
18 46 22.3 75 26 02 5.4 
18 46 43.1 52 59 17 5.9 
Omicr 18 51 12.0 59 23 18 4.6 
18 51 35.0 52 58 28 5.5 
18 53 13.5 50 42 30 4.9 
Upsil 18 54 23.8 71 17 50 4.8 
18 54 47.2 48 51 35 5.8 
18 56 25.7 65 15 29 5.6 
18 56 45.1 57 48 54 5.7 
19 00 13.7 50 32 00 5.4 
19 00 43.5 55 39 30 5.5 
19 04 55.2 53 23 48 5.4 
19 09 09.7 76 33 39 5.1 
19 11 40.5 56 51 33 5.1 
Delta 19 12 33.2 67 39 41 3.1 Nodus-II
19 13 55.2 57 42 19 5.0 
Tau 19 15 33.3 73 21 19 4.4 
19 20 16.0 57 38 42 5.9 
Pi 19 20 40.1 65 42 52 4.6 
Sigma 19 32 20.6 69 39 55 4.7 Alsafi
19 44 18.4 69 20 14 5.9 
Epsil 19 48 10.2 70 16 04 3.9 Tyl 
e 20 01 28.5 64 49 16 5.2 
Rhô 20 02 49.0 67 52 24 4.5 
20 05 32.7 61 59 43 5.4 
20 11 34.7 62 04 42 5.7 
20 17 30.6 66 51 11 5.9 
20 19 36.7 62 15 27 5.7 
20 20 06.0 68 52 49 5.7 
20 21 11.5 63 58 48 5.7 
20 28 14.5 81 25 22 5.4 
20 29 27.3 81 05 27 6.0 
20 31 30.4 74 57 17 5.2 
20 42 35.1 82 31 52 5.7 
20 47 33.6 80 33 08 5.4 