Pi 02 01 14.8 -30 00 06 5.3 
Nu 02 04 29.4 -29 17 49 4.7 
Mu 02 12 54.5 -30 43 26 5.3 
Kappa 02 22 32.4 -23 48 59 5.2 
Phi 02 28 01.7 -33 48 40 5.1 
Lambd1 02 33 07.0 -34 39 00 5.9 
Oméga 02 33 50.7 -28 13 56 5.0 
Iota-1 02 36 09.3 -30 02 42 5.7 
Lambd2 02 36 58.6 -34 34 38 5.8 
Iota-2 02 38 18.6 -30 11 38 5.8 
02 42 06.6 -38 23 01 6.0 
Bêta 02 49 05.4 -32 24 23 4.5 
Gamma2 02 49 54.2 -27 56 31 5.4 
Eta-2 02 50 14.7 -35 50 37 5.9 
Eta-3 02 50 40.4 -35 40 33 5.5 
Psi 02 53 34.4 -38 26 14 5.9 
Dzêta 02 59 36.1 -25 16 28 5.7 
Epsil 03 01 37.5 -28 05 26 5.9 
Alpha 03 12 04.3 -28 59 21 3.9 Fornacis
03 18 02.5 -28 47 49 5.9 
03 19 34.9 -24 07 22 5.6 
03 26 22.5 -27 19 03 5.9 
Khi-2 03 27 33.4 -35 40 53 5.7 
Tau 03 38 47.7 -27 56 35 6.0 
Delta 03 42 14.9 -31 56 18 5.0 
Sigma 03 46 27.4 -29 20 17 5.9 
Rhô 03 47 56.0 -30 10 02 5.5 