06 15 08.4 -20 16 20 5.9 
06 15 17.7 -18 28 37 6.0 
06 15 44.9 -13 43 06 5.0 
06 16 07.7 -16 37 05 6.0 
06 17 41.7 -16 48 57 5.1 
06 18 13.7 -19 58 01 5.5 
06 18 59.0 -20 55 32 5.8 
Dzêta 06 20 18.8 -30 03 48 3.0 Furud
06 21 24.7 -11 46 24 5.6 
Bêta 06 22 42.0 -17 57 21 2.0 Mirzam
06 23 55.9 -25 34 39 5.6 
06 24 10.4 -11 31 48 5.2 
Lambd 06 28 10.2 -32 34 48 4.5 
06 28 37.4 -17 27 58 5.8 
06 28 39.2 -32 22 17 5.8 
06 30 46.3 -27 46 11 5.9 
06 31 23.0 -12 23 31 5.2 
Ksi-1 06 31 51.4 -23 25 06 4.3 
06 32 39.0 -32 01 50 5.7 
06 34 35.3 -32 42 59 5.6 
Ksi-2 06 35 03.4 -22 57 53 4.5 
Nu-1 06 36 22.9 -18 39 36 5.7 
Nu-2 06 36 41.0 -19 15 21 3.9 
06 36 46.6 -13 19 16 5.9 
06 37 47.5 -32 20 24 5.3 
Nu-3 06 37 53.4 -18 14 15 4.4 
06 38 35.4 -16 52 25 6.0 
06 39 16.7 -14 08 45 4.8 
06 39 36.2 -23 41 44 6.0 
06 39 42.7 -30 28 12 5.7 
06 44 28.5 -31 04 14 5.2 
Alpha 06 45 09.2 -16 42 47 -1.4 Sirius
06 45 23.1 -31 47 35 5.9 
06 45 23.4 -23 27 45 6.0 
06 45 31.2 -30 56 56 5.7 
06 45 59.4 -14 47 46 5.3 
06 46 51.1 -14 25 34 5.3 
06 48 57.7 -15 08 41 5.4 
Kappa 06 49 50.5 -32 30 31 3.5 
06 50 21.8 -17 05 04 5.8 
06 50 23.3 -31 42 22 5.7 
06 53 18.8 -19 01 58 5.6 
06 53 32.9 -20 13 27 4.8 
06 53 33.8 -28 32 19 6.0 
Omicr1 06 54 08.0 -24 11 03 3.8 Menkelb-Prior 
Thêta 06 54 11.5 -12 02 19 4.1 
06 55 02.7 -20 24 17 5.8 
Pi 06 55 37.4 -20 08 12 4.7 
06 55 46.9 -22 56 29 5.3 
Mu 06 56 06.6 -14 02 36 5.1 
Iota 06 56 08.2 -17 03 15 4.4 
06 57 34.0 -24 37 52 5.4 
06 58 35.9 -25 24 51 5.6 
Epsil 06 58 37.5 -28 58 20 1.5 Adhara
07 01 05.9 -25 12 56 5.6 
Sigma 07 01 43.2 -27 56 05 3.5 
Omicr2 07 03 01.5 -23 50 00 3.0 Menkelb-Posterior
Gamma 07 03 45.5 -15 38 00 4.1 Muliphein
07 06 40.8 -11 17 38 5.4 
07 07 22.6 -23 50 27 5.8 
Delta 07 08 23.5 -26 23 36 1.8 Wezen
07 09 43.0 -25 13 52 5.7 
07 10 19.3 -27 29 29 5.4 
07 11 41.6 -20 52 59 5.8 
07 12 12.2 -25 56 33 5.9 
07 13 07.2 -11 15 05 5.8 
07 13 24.0 -22 40 27 6.0 
07 14 15.2 -26 21 09 4.4 
Oméga 07 14 48.7 -26 46 22 4.0 
07 14 51.2 -27 02 17 5.6 
07 15 21.1 -30 41 11 5.3 
07 16 14.6 -15 35 08 5.4 
07 16 35.0 -27 52 53 4.7 
07 16 36.8 -23 18 56 4.4 
07 18 40.4 -24 33 31 4.9 
Tau 07 18 42.5 -24 57 16 4.4 
07 18 51.3 -26 35 09 5.3 
07 19 28.1 -16 23 42 5.7 
07 20 54.9 -26 57 50 6.0 
07 20 58.3 -14 21 38 5.6 
07 21 04.3 -25 53 30 5.9 
07 22 13.5 -19 01 00 5.0 
07 23 00.7 -31 55 26 5.4 
07 23 29.0 -27 50 03 5.4 
07 23 31.9 -32 12 07 5.4 
Eta 07 24 05.7 -29 18 11 2.5 Aludra
07 24 40.2 -16 12 05 5.2 
07 24 43.9 -31 48 32 5.3 
07 25 08.4 -13 45 07 5.8 
07 25 20.0 -21 58 57 6.0 
07 25 25.3 -25 13 04 5.8 
07 26 59.5 -23 05 10 5.6 
07 27 08.0 -17 51 54 5.6 
07 27 51.7 -11 33 25 5.9 