22 06 02.0 45 00 52 5.1 
22 11 09.8 50 49 24 5.4 
22 13 49.2 45 26 26 5.5 
22 13 52.7 39 42 54 4.5 
22 14 44.3 42 57 14 5.7 
22 15 58.2 37 44 55 4.1 
22 21 01.5 46 32 12 4.6 
Bêta 22 23 33.6 52 13 46 4.4 
22 24 31.0 49 28 35 4.6 
22 29 31.8 47 42 25 4.4  
22 30 29.3 43 07 24 4.5 
Alpha 22 31 17.4 50 16 57 3.8 
22 32 26.4 39 46 47 5.9 
22 33 40.6 56 37 29 5.7 
22 35 52.3 39 38 04 5.7 
22 37 22.5 51 32 43 4.6 
22 38 37.9 56 47 45 5.2 
22 39 15.7 39 03 01 4.9 
22 39 34.3 37 35 34 6.0 
22 40 18.4 53 50 45 5.9  
22 40 30.8 44 16 35 4.5 
22 41 28.7 40 13 32 5.2 
22 41 35.9 41 32 56 5.9 
22 44 05.2 39 27 56 6.0 
22 44 05.5 41 49 09 5.1 
22 46 10.1 44 32 46 5.8 
22 48 11.1 37 25 01 5.8 
22 49 46.2 55 54 10 5.4 
22 50 21.8 41 57 12 5.9 
22 52 01.9 43 18 45 4.9 
22 53 40.2 44 44 57 5.8 
22 54 06.9 40 22 37 5.8 
22 55 02.6 37 04 36 5.9 
22 55 44.5 36 21 05 5.7 
22 56 23.6 41 36 14 5.6 
22 56 26.0 49 44 01 5.0 
22 57 04.5 48 41 03 5.3 