04 59 01.4 -16 22 35 5.7 
05 01 25.6 -20 03 07 4.9 
05 02 09.8 -26 16 29 5.0 
05 02 44.9 -22 47 42 5.7 
05 03 53.3 -24 23 17 5.6 
05 05 16.2 -26 09 08 5.7 
Epsil 05 05 27.7 -22 22 15 3.2 Sasin
05 06 36.7 -13 07 22 6.0 
05 07 24.9 -12 29 28 6.0 
05 11 22.9 -11 50 57 5.7  
Iota 05 12 17.9 -11 52 09 4.5 
Mu 05 12 55.9 -16 12 20 3.3 Neshmet
Kappa 05 13 13.9 -12 56 29 4.4 
05 15 24.4 -26 56 36 5.1 
05 17 40.2 -13 31 11 5.5 
05 18 50.2 -18 07 49 6.0 
Lambd 05 19 34.5 -13 10 36 4.3 
Nu 05 19 59.0 -12 18 56 5.3 
05 20 26.9 -21 14 23 4.7 
05 21 46.3 -24 46 23 5.3 
05 23 30.2 -13 55 38 5.2 
05 24 28.5 -16 58 33 5.6 
05 25 59.8 -19 41 43 5.8 
Bêta 05 28 14.7 -20 45 33 2.8 Nihal
05 31 07.6 -20 51 49 5.5 
Alpha 05 32 43.8 -17 49 20 2.6 Arneb
05 42 14.0 -22 22 25 5.9 
05 43 21.7 -18 33 27 5.7 
Gamma 05 44 28.0 -22 26 51 3.6 
Dzêta 05 46 57.3 -14 49 19 3.5 
05 49 36.6 -14 29 01 5.6 
05 49 53.5 -22 58 19 5.9 
Delta 05 51 19.2 -20 52 39 3.8 
05 54 43.6 -11 46 27 5.6 
05 56 14.2 -22 50 24 5.9 
Eta 05 56 24.3 -14 10 05 3.7 
06 01 13.1 -25 25 04 6.0 
06 03 15.6 -26 17 05 5.0 
06 04 59.1 -16 29 04 5.0 
Thêta 06 06 09.3 -14 56 07 4.7 
06 06 32.1 -23 06 39 5.5 
06 06 57.5 -21 48 44 5.8 
06 07 41.6 -19 09 58 5.3 
06 08 57.9 -22 25 38 5.5 
06 09 34.5 -14 35 05 5.6 
06 09 47.9 -22 46 28 5.7 
06 10 34.7 -27 09 15 5.7 