Kappa 09 24 39.3 26 10 57 4.5 
Oméga 09 28 27.4 09 03 24 5.4 
09 28 29.2 08 11 18 5.7 
Lambd 09 31 43.2 22 58 05 4.3 Alterf 
Ksi 09 31 56.8 11 18 00 5.0 
h 09 31 57.6 09 42 57 5.1 
09 36 42.9 31 09 43 5.6 
09 37 02.6 16 26 17 5.7 
09 37 12.7 06 50 09 5.0 
Omicr 09 41 09.1 09 53 33 3.5 Subra
09 41 35.1 31 16 40 5.9 
f 09 43 33.3 29 58 29 5.6 
Psi 09 43 43.9 14 01 18 5.4 
Epsil 09 45 51.1 23 46 27 3.0 Ras-Elased-Australis
09 46 10.0 06 42 31 5.8 
09 46 23.3 11 48 36 5.7 
g 09 51 53.0 24 23 45 5.3 
Mu 09 52 46.0 26 00 26 3.9 Ras-Elased-Borealis
09 56 26.0 08 55 59 5.8 
09 58 07.6 08 18 51 6.0 
Nu 09 58 13.4 12 26 41 5.3 
09 59 36.3 29 38 43 5.7 
Pi 10 00 12.8 08 02 39 4.7 
10 02 49.0 21 56 57 5.7 
Eta 10 07 20.0 16 45 46 3.5 Al-Jabhah
A 10 07 54.3 09 59 52 4.4 
Alpha 10 08 22.5 11 58 02 1.4 Régulus
10 13 49.7 27 08 09 6.0 
10 14 29.8 21 10 06 6.0 
10 16 32.4 23 30 11 6.0 
10 16 40.8 13 43 42 5.4 
Dzêta 10 16 41.4 23 25 02 3.4 Adhafera
10 16 41.8 25 22 15 5.8 
10 17 14.8 23 06 23 5.8 
10 19 44.3 19 28 17 4.8 
Gamma 10 19 58.2 19 50 31 2.0 Algieba
10 25 15.2 08 47 06 5.6 
10 27 39.0 09 45 45 6.0 
10 32 11.8 14 08 14 5.4 
Rhô 10 32 48.7 09 18 24 3.8 Shir
10 34 48.1 06 57 13 5.1 
10 35 02.2 08 39 02 5.8 
m 10 46 24.5 18 53 30 5.5 
k 10 46 25.4 14 11 41 5.5 
l 10 49 15.4 10 32 43 5.3 
p-1 10 53 43.8 -02 07 45 5.4 
10 55 36.8 24 44 59 4.5 
10 55 42.3 00 44 13 5.9 
10 56 01.5 06 11 07 6.0 
d 11 00 33.6 03 37 03 4.8 
c 11 00 44.8 06 06 05 5.0 
11 01 49.7 -02 29 04 4.7 
b 11 02 19.8 20 10 47 4.4 
p-3 11 03 36.6 -00 00 03 5.9 
Khi 11 05 01.2 07 20 10 4.6 
p-4 11 06 54.4 01 57 21 5.5 
11 08 49.1 24 39 30 5.7 
p-5 11 13 45.6 -00 04 10 5.4 
11 14 01.8 08 03 39 5.8 
Delta 11 14 06.4 20 31 27 2.5 Zosma
Thêta 11 14 14.4 15 25 47 3.3 Coxa
11 15 12.2 23 05 44 4.6 
n 11 15 51.9 13 18 27 5.3 
Phi 11 16 39.8 -03 39 05 4.5 
11 17 17.4 02 00 39 5.2 
11 18 55.0 01 39 02 5.9 
Sigma 11 21 08.2 06 01 46 4.0 
11 23 18.0 00 07 55 6.0 
Iota 11 23 55.4 10 31 47 4.0 
11 24 02.3 01 24 28 5.4 
11 24 59.0 11 25 49 5.8 
11 25 36.5 16 27 24 5.6 
Tau 11 27 56.2 02 51 23 4.9 
11 29 41.9 15 24 48 5.7 
e 11 30 18.9 -03 00 12 4.8 
11 30 29.1 18 24 35 5.5 
11 34 22.1 03 03 37 5.8 
11 36 17.9 27 46 53 5.8 
Upsil 11 36 56.9 -00 49 26 4.3 
11 40 47.1 21 21 10 5.3 
11 44 13.2 25 13 06 6.0 
11 47 59.2 20 13 08 4.5 
11 48 38.8 14 17 03 5.9 
Bêta 11 49 03.9 14 34 20 2.1 Denebola
11 49 14.8 16 14 35 6.0 
o 11 55 40.5 15 38 49 5.5 