06 17 54.8 61 30 55 5.0 
06 19 37.4 59 00 39 4.4 
06 26 25.9 56 17 06 5.5 
06 26 48.9 58 25 03 5.2 
06 30 47.1 58 09 48 5.9 
06 37 38.4 56 51 27 5.9 
06 37 41.6 61 28 55 5.9 
06 46 14.2 59 26 30 4.9 
06 46 49.5 57 10 09 5.3 
06 53 05.1 59 26 55 5.4 
06 57 13.1 57 33 48 6.0 
06 57 16.6 58 25 23 4.3 
06 57 37.1 45 05 39 4.9 
07 13 23.4 51 25 43 5.5 
07 15 50.1 47 14 25 5.5 
07 15 55.0 59 38 17 5.2 
07 17 33.7 52 07 52 5.9 
07 18 32.0 49 27 53 5.0 
07 21 17.5 45 13 41 5.7 
07 22 52.1 55 16 53 5.8 
07 24 57.1 51 53 14 5.8 
07 26 42.9 49 12 42 4.6 
07 28 51.5 48 11 03 5.7 
07 29 55.9 49 40 22 5.4 
07 36 31.7 46 10 49 5.6 
07 36 47.0 55 45 19 5.9 
07 37 53.9 48 46 26 5.9 
07 40 14.7 38 20 40 5.8 
07 41 12.4 48 07 55 5.6 
07 43 00.5 58 42 38 5.0 
07 44 04.2 50 26 02 5.3 
07 46 39.3 37 31 03 5.2 
07 51 05.8 54 07 45 6.0 
07 54 42.7 47 33 53 5.5 
08 01 20.7 59 02 50 5.8 
08 08 27.5 51 30 24 4.8 
08 10 03.8 58 14 54 5.9 
08 13 50.2 56 27 08 5.8 
08 17 50.4 59 34 16 5.6 
08 20 26.0 57 44 36 5.9 
08 22 50.1 43 11 18 4.2 Alsciaukat
08 23 48.5 53 13 12 5.5 
08 24 42.8 42 00 19 6.0 
08 32 55.1 38 01 00 5.9 
08 34 43.9 36 25 11 5.7 
08 41 01.0 45 50 02 5.4 
08 51 56.8 43 43 35 5.1 
08 52 10.1 42 00 10 6.0 
08 52 11.8 45 18 46 6.0 
08 56 30.6 40 12 06 5.9 
08 56 50.1 45 37 54 5.7 
09 00 38.8 41 47 00 4.0 10-UMa
09 06 31.8 38 27 08 4.6 
09 08 51.2 33 52 57 5.9 
09 13 48.2 43 13 04 5.3 
09 15 14.4 34 38 00 6.0 
09 18 50.7 36 48 10 3.8 Maculosa
Alpha 09 21 03.5 34 23 33 3.1 Elvashak
09 35 03.9 39 37 17 4.8 
09 38 21.8 40 14 23 5.3 
09 42 00.4 39 45 29 5.6 