Iota 14 19 24.2 -46 03 29 3.5 
14 20 09.7 -43 03 32 5.6 
14 20 42.6 -45 11 13 4.8 
14 23 48.6 -53 10 34 6.0 
Tau-1 14 26 08.2 -45 13 17 4.6 
Tau-2 14 26 10.8 -45 22 45 4.3 
14 27 12.3 -46 08 03 5.8 
14 30 08.7 -45 19 17 5.5 
14 30 21.0 -49 31 08 5.4 
Sigma 14 32 37.1 -50 27 26 4.4 
14 33 30.0 -52 40 46 5.9 
14 33 32.5 -54 59 55 5.9 
14 36 19.1 -46 14 44 5.5 
a 14 37 20.2 -46 08 00 5.4 
Rhô 14 37 53.3 -49 25 33 4.0 
Alpha 14 41 55.8 -47 23 17 2.3 
14 46 29.0 -47 26 28 5.7 
b 14 47 01.3 -52 23 00 5.2 
Omicr 14 51 38.3 -43 34 31 4.3 
c 14 56 17.2 -52 48 34 5.4 
14 56 32.1 -47 52 45 5.8 
Bêta 14 58 32.0 -43 08 02 2.7 
15 02 59.3 -32 38 36 5.4 
Pi 15 05 07.1 -47 03 04 3.9 
15 05 19.1 -41 04 02 5.1 
15 06 33.2 -30 55 06 6.0 
15 07 25.9 -49 05 19 5.8 
15 08 12.1 -40 35 02 5.8 
15 08 39.2 -42 52 04 5.8 
Lambd 15 08 50.6 -45 16 47 4.0 
15 10 07.3 -38 47 33 6.0 
15 11 16.0 -55 20 46 5.5 
Kappa 15 11 56.2 -48 44 16 3.6 
Dzêta 15 12 17.2 -52 05 57 3.4 
e 15 12 49.6 -44 30 01 4.8 
i 15 14 37.3 -31 31 09 4.9 
15 15 53.7 -48 04 25 6.0 
15 16 04.0 -41 29 28 5.2 
15 16 10.5 -43 29 06 6.0 
f 15 17 49.8 -30 08 55 4.3 
Mu 15 18 32.0 -47 52 31 4.1 
15 18 56.4 -40 47 17 5.6 
Delta 15 21 22.3 -40 38 51 3.2 
Phi-1 15 21 48.4 -36 15 40 3.6 
Nu-2 15 21 49.6 -48 19 01 5.7 
Nu-1 15 22 08.4 -47 55 39 5.0 
Epsil 15 22 40.9 -44 41 22 3.4 
Phi-2 15 23 09.4 -36 51 30 4.5 
Upsil 15 24 45.0 -39 42 36 5.4 
k 15 25 20.3 -38 44 01 4.6 
15 27 18.1 -36 46 03 5.4 
15 29 24.3 -46 43 58 5.2 
15 34 01.7 -40 03 59 5.8 
Gamma 15 35 08.5 -41 10 00 2.8 
d 15 35 53.3 -44 57 30 4.7 
15 36 12.1 -44 23 48 5.4 
Oméga 15 38 03.3 -42 34 03 4.3 
15 38 42.2 -39 07 40 6.0 
Psi-1 15 39 46.0 -34 24 43 4.7 
g 15 41 11.5 -44 39 38 4.6 
h 15 42 38.4 -37 25 30 5.2 
Psi-2 15 42 41.0 -34 42 37 4.7 
15 46 44.2 -34 40 57 5.6 
15 47 29.4 -37 54 57 6.0 
Khi 15 50 57.5 -33 37 38 4.0 
15 56 06.8 -39 51 52 6.0 
Ksi 15 56 53.5 -33 57 58 4.5 
15 57 21.3 -36 11 07 5.8 
15 59 30.3 -41 44 40 5.0 
Eta 16 00 07.3 -38 23 48 3.4 
16 03 24.2 -38 36 09 4.9 
16 03 34.4 -32 00 02 6.0 
16 04 36.9 -37 51 46 5.9 
Thêta 16 06 35.6 -36 48 08 4.2 
16 07 16.2 -36 45 20 5.7 