Nu 20 33 55.1 -44 30 57 5.1 
20 40 19.8 -33 25 55 5.5 
20 41 23.6 -31 35 53 5.8 
20 46 20.0 -39 11 57 5.5 
Iota 20 48 29.0 -43 59 18 5.1 
Alpha 20 49 58.1 -33 46 47 4.9 
20 51 00.8 -37 54 48 5.5 
20 53 40.2 -39 48 35 5.3 
Gamma 21 01 17.5 -32 15 28 4.7 
21 02 27.1 -38 31 50 5.9 
Dzêta 21 02 58.0 -38 37 52 5.3 
Delta 21 06 01.1 -30 07 30 5.7 
21 06 24.7 -32 20 30 5.2 PsA
Eta 21 06 25.5 -41 23 09 5.5 
21 12 13.7 -40 16 08 5.8 
21 13 02.9 -39 25 29 5.2 
21 13 17.3 -27 37 09 5.4 PsA
21 13 18.9 -36 25 25 6.0 
Epsil 21 17 56.2 -32 10 21 4.7 
Thêta1 21 20 45.6 -40 48 34 4.8 
Thêta2 21 24 24.8 -41 00 24 5.8 
21 26 22.8 -37 49 46 5.6 
21 27 01.7 -42 32 53 5.6 