23 31 26.9 -44 50 37 6.0 
Iota 23 35 04.5 -42 36 54 4.7 
23 37 50.9 -45 29 32 4.7 
Sigma 23 47 16.0 -50 13 35 5.2 
23 54 38.3 -40 18 00 6.0 
Pi 23 58 55.7 -52 44 45 5.1 
Tau 00 01 04.6 -48 48 35 5.7 
00 01 20.1 -50 20 15 5.5 
00 06 18.7 -49 04 30 5.7 
Epsil 00 09 24.5 -45 44 49 3.9 
Kappa 00 26 12.1 -43 40 48 3.9 
Alpha 00 26 16.9 -42 18 18 2.4 Ankaa
00 28 26.4 -39 54 54 5.4 
00 30 26.0 -48 12 53 5.7 
Lambd1 00 31 24.9 -48 48 13 4.8 
00 34 27.6 -52 22 23 5.6 
Lambd2 00 35 41.1 -48 00 02 5.5 
00 39 51.9 -44 47 47 6.0 
Mu 00 41 19.6 -46 05 06 4.6 
Ksi 00 41 46.3 -56 30 05 5.7 
Eta 00 43 21.2 -57 27 47 4.4 
00 44 57.1 -42 40 35 5.9 
00 45 45.4 -47 33 08 5.8 
Rhô 00 50 41.1 -50 59 13 5.2 
01 02 49.2 -46 23 50 5.4 
Bêta 01 06 05.1 -46 43 07 3.3 
Upsil 01 07 47.8 -41 29 13 5.2 
Dzêta 01 08 23.1 -55 14 45 4.0 
Nu 01 15 10.6 -45 31 56 5.0 
01 24 40.8 -41 29 33 5.4 
Gamma 01 28 21.9 -43 19 04 3.4 
Delta 01 31 15.0 -49 04 23 3.9 
01 46 05.9 -50 48 58 5.5 
01 50 54.5 -50 12 22 5.9 
Psi 01 53 38.8 -46 18 09 4.4  
Phi 01 54 22.1 -42 29 49 5.1 
01 57 10.0 -47 23 07 4.8 
01 59 38.9 -42 01 49 5.6 
Khi 02 01 42.4 -44 42 48 5.1 
02 09 09.3 -43 30 59 5.8 
02 14 32.0 -41 10 00 5.9 