19 06 38.4 24 15 03 5.8 
19 12 36.7 21 33 16 6.0 
19 16 13.0 21 23 26 4.8 
19 17 43.6 23 01 32 5.5 
19 22 50.9 26 15 45 5.2 
19 25 28.5 19 47 55 5.1 
19 26 13.2 20 05 52 5.6 
19 26 28.7 19 53 30 5.8 
Alpha 19 28 42.4 24 39 55 4.4 Anser
19 28 57.1 24 46 07 5.8 
19 31 21.6 26 37 02 5.9 
19 34 34.9 19 46 24 5.0 
19 43 42.9 25 46 19 5.5 
19 47 48.5 25 23 03 6.0 
19 51 04.1 22 36 36 4.9 
19 52 01.6 24 59 32 5.6 
19 53 27.7 24 04 46 4.6 
19 54 31.1 24 19 10 5.6 
19 59 10.6 23 06 05 5.7 
20 01 06.0 27 45 13 4.7 
20 01 44.7 24 48 02 5.9 
20 02 01.4 24 56 16 5.4 
20 06 53.4 23 36 52 5.1 
20 10 33.5 26 54 15 5.5 
20 11 48.0 26 48 32 5.5 
20 12 00.7 26 28 44 5.9 
20 14 14.5 28 41 42 5.2 
20 15 15.9 25 35 31 4.8 
20 15 30.2 23 30 32 5.2 
20 15 46.2 27 48 51 4.5 
20 16 47.1 24 40 16 5.3 
20 22 03.4 24 26 46 5.5 
20 25 40.5 21 24 35 5.7 
20 37 04.7 26 27 43 5.6 
20 38 31.3 21 12 04 4.8 
20 38 31.9 24 06 58 5.1 
20 38 35.0 23 40 50 5.9 
20 44 52.5 25 16 16 4.9 
20 51 28.2 28 15 02 5.7 
20 52 07.7 27 05 50 4.6 
20 54 33.6 28 03 27 5.0 
20 58 16.4 22 19 33 5.3 
21 23 58.7 24 16 27 5.7 
21 24 34.0 26 10 28 5.7 
21 27 40.0 27 36 31 5.4 