Iota 06 51 27.0 -70 57 49 5.4 
06 59 50.6 -67 55 01 5.2 
Gamma 07 08 44.8 -70 29 57 3.5 
Delta 07 16 49.8 -67 57 26 4.0 
Dzêta 07 41 49.2 -72 36 22 3.9 
07 49 41.0 -66 11 46 5.8 
Epsil 08 07 55.8 -68 37 02 4.4 
08 18 18.8 -65 36 48 5.1 
Kappa1 08 19 49.0 -71 30 54 5.3 
Kappa2 08 20 00.6 -71 30 20 5.6 
Eta 08 22 04.5 -73 24 00 5.3 
Bêta 08 25 44.2 -66 08 11 3.8 
08 25 51.6 -64 36 02 5.9 
08 27 16.8 -70 05 37 5.5 
Thêta 08 39 05.1 -70 23 12 5.2 
08 44 30.0 -65 49 32 6.0 
08 50 34.7 -66 47 36 5.3 
09 01 08.5 -68 41 02 5.9 
Alpha 09 02 26.8 -66 23 45 4.0 