Lambd 04 42 46.5 -50 28 53 5.3 
Iota 04 50 55.4 -53 27 42 5.6 
Eta-1 05 02 48.7 -49 09 05 5.4 
Eta-2 05 04 58.0 -49 34 40 5.0 
05 13 53.3 -52 01 51 6.0 
Dzêta 05 19 22.1 -50 36 23 5.4 
05 30 09.5 -47 04 38 5.5 
05 31 36.0 -45 55 31 5.8 
05 46 27.4 -46 35 50 5.3 
Bêta 05 47 17.1 -51 04 00 3.9 
Gamma 05 49 49.6 -56 09 59 4.5 
05 50 53.2 -52 06 31 5.2 
05 52 20.2 -57 09 22 5.9 
05 54 50.1 -52 38 10 5.3 
05 58 37.6 -44 02 05 5.8 
06 00 49.2 -51 13 00 5.7 
06 07 03.4 -62 09 16 5.0 
Delta 06 10 17.9 -54 58 07 4.7 
Nu 06 22 55.9 -56 22 12 5.6 
06 24 13.9 -60 16 53 5.8 
06 27 04.1 -58 00 08 5.8 
06 29 28.5 -56 51 10 5.2 
Mu 06 31 58.3 -58 45 14 5.7 
Alpha 06 48 11.5 -61 56 31 3.2 