09 30 43.2 33 39 21 5.9 
09 31 32.4 35 06 13 5.4 
09 34 13.4 36 23 51 4.5 
09 35 40.0 35 48 39 5.4 
09 57 41.1 41 03 21 5.1 
10 01 01.0 31 55 29 5.4 
10 07 25.7 35 14 41 4.5 
10 11 12.8 37 24 07 5.8 
10 16 14.5 29 18 38 5.5 
10 23 06.3 33 54 29 5.9 
10 24 08.6 33 43 07 5.5 
10 25 54.9 33 47 47 4.7 
Bêta 10 27 53.1 36 42 27 4.2 
10 30 06.5 38 55 31 5.8 
10 31 51.4 32 22 46 5.9 
10 33 30.9 34 59 19 5.6 
10 38 43.2 31 58 34 4.7 
10 39 07.8 37 54 36 5.8 
10 43 01.9 26 19 33 5.5 
10 43 25.0 23 11 18 5.1 
10 45 51.9 30 40 57 5.3 
10 49 53.7 27 58 26 6.0 
10 53 18.6 34 12 56 3.8 Praecipula