07 07 49.5 07 28 17 5.7 
07 14 20.1 03 06 41 5.3 
07 14 32.7 12 06 57 5.7 
07 15 39.4 07 58 40 5.8 
07 19 22.4 02 44 27 5.9 
07 19 47.6 07 08 35 5.9 
07 22 03.5 00 10 38 6.0 
07 24 58.2 11 40 10 5.4 
Epsil 07 25 38.9 09 16 34 5.0 
Bêta 07 27 09.1 08 17 22 2.9 Gomeisa
Eta 07 28 02.1 06 56 31 5.2 
Gamma 07 28 09.8 08 55 32 4.3 
07 29 47.8 12 00 24 4.5 
Delta1 07 32 06.0 01 54 52 5.2 
Delta2 07 33 11.7 03 17 25 5.6 
Delta3 07 34 15.9 03 22 18 5.8 
07 36 34.8 05 51 44 5.9 
Alpha 07 39 18.5 05 13 39 0.4 Procyon 
07 41 35.2 03 37 29 6.0 
07 46 16.2 10 46 06 5.2 
Dzêta 07 51 42.0 01 46 01 5.1 
07 55 31.4 08 51 47 5.9 
07 57 15.9 08 38 29 6.0 
07 58 20.7 02 13 28 5.3 
08 01 13.9 04 52 47 5.6 
G 08 02 16.0 02 20 04 4.4 