17 44 55.8 -57 32 44 6.0 
Eta 17 45 44.0 -64 43 25 3.6 
17 51 35.5 -60 09 50 5.8 
Pi 18 08 34.8 -63 40 05 4.3 
Iota 18 10 26.3 -62 00 10 5.5 
18 15 40.7 -63 03 19 5.6 
Ksi 18 23 13.6 -61 29 38 4.4 
18 29 56.7 -57 31 23 5.7 
Nu 18 31 22.4 -62 16 41 4.6 
18 32 55.3 -73 57 55 5.9 
Dzêta 18 43 02.1 -71 25 40 4.0 
18 43 37.3 -64 33 05 5.8 
18 45 11.5 -61 05 42 6.0 
18 45 26.9 -64 52 15 4.8 
Thêta 18 48 38.0 -65 04 39 5.7 
Lambd 18 52 13.0 -62 11 15 4.2 
Kappa 18 56 57.0 -67 14 01 4.4 
Oméga 18 58 36.6 -60 12 02 5.1 
19 00 03.5 -66 39 13 6.0 
19 03 29.7 -68 45 20 5.9 
19 09 52.6 -68 25 28 5.3 
19 17 12.2 -66 39 40 5.5 
19 31 10.9 -68 26 02 6.0 
19 49 25.3 -72 30 12 5.4 
19 50 44.8 -59 11 37 5.4 
19 51 01.1 -65 36 17 6.0 
19 57 06.3 -58 54 05 5.2 
19 58 41.2 -69 09 49 5.7 
Mu-1 20 00 23.1 -66 56 56 5.8 
Epsil 20 00 35.4 -72 54 37 3.9 
20 01 44.7 -59 22 33 5.1 
Mu-2 20 01 52.4 -66 56 38 5.3 
Delta 20 08 41.9 -66 10 46 3.5 
Alpha 20 25 38.8 -56 44 06 1.9 Peacock
Phi-1 20 35 34.8 -60 34 53 4.7 
Rhô 20 37 35.2 -61 31 47 4.9 
Phi-2 20 40 02.3 -60 32 51 5.1 
Upsil 20 41 57.1 -66 45 38 5.1 
Bêta 20 44 57.6 -66 12 12 3.4 
Sigma 20 49 18.3 -68 46 35 5.4 
21 08 32.7 -63 55 42 5.8 
21 09 21.5 -73 10 20 5.7 
Omicr 21 13 20.4 -70 07 34 5.1 
Gamma 21 26 26.5 -65 22 05 4.2 
21 28 44.8 -69 30 19 5.6 