21 32 14.6 -33 56 41 6.0 
21 36 10.9 -26 10 17 5.7 
Iota 21 44 56.8 -33 01 32 4.3 
Thêta 21 47 44.2 -30 53 54 5.0 
Eta 22 00 50.2 -28 27 13 5.6 
22 04 36.8 -26 49 20 6.0 
Mu 22 08 23.0 -32 59 18 4.5 
Upsil 22 08 25.9 -34 02 37 5.0 
22 09 55.7 -34 00 54 5.4 
Tau 22 10 08.5 -32 32 54 4.9 
22 13 44.4 -25 10 51 5.6 
Lambd 22 14 18.7 -27 46 01 5.4 
22 29 45.9 -27 06 26 5.9 
Bêta 22 31 30.3 -32 20 46 4.3 
22 36 35.5 -31 39 49 5.8 
22 38 51.5 -33 04 53 5.7 
22 40 22.4 -30 39 30 5.9 
Epsil 22 40 39.3 -27 02 37 4.2 
22 51 20.9 -29 32 11 6.0 
Gamma 22 52 31.6 -32 52 32 4.0 
Delta 22 55 56.9 -32 32 23 4.2 
Alpha 22 57 38.8 -29 37 19 1.2 Fomalhaut
22 59 35.8 -29 27 44 5.5 
23 00 05.8 -25 09 50 5.7 
23 01 19.3 -28 51 14 5.6 
Pi 23 03 29.8 -34 44 59 5.1 