Dzêta1 03 17 44.5 -62 34 37 5.5 
03 17 59.0 -66 55 37 6.0 
Dzêta2 03 18 11.1 -62 30 29 5.2 
Kappa 03 29 22.2 -62 56 18 4.7 
03 30 51.7 -66 29 23 5.8 
Bêta 03 44 11.6 -64 48 26 3.8 
03 58 42.9 -57 06 09 6.0 
Delta 03 58 44.7 -61 24 01 4.6 
Gamma 04 00 53.8 -62 09 34 4.5 
Iota 04 01 18.1 -61 04 45 5.0 
Alpha 04 14 25.4 -62 28 26 3.3 
04 14 48.5 -62 11 31 5.4 
Epsil 04 16 29.1 -59 18 06 4.4 
Thêta 04 17 40.3 -63 15 20 6.0 
Eta 04 21 53.2 -63 23 13 5.2 
04 25 05.4 -61 14 18 5.9 
04 27 46.0 -62 31 16 5.7 
04 33 34.1 -62 49 25 5.8 