17 47 33.6 -27 49 51 4.6 
17 56 41.8 -28 03 55 5.8 
17 58 39.1 -28 45 33 6.0 
17 58 55.7 -36 51 30 5.7 
17 59 05.3 -30 15 11 5.1 
17 59 47.6 -23 48 58 4.7 
18 01 54.4 -22 46 49 5.7 
18 02 51.1 -24 16 57 5.4 
18 03 52.4 -24 21 39 5.9 
18 04 50.4 -35 54 05 6.0 
Gamma1 18 05 01.2 -29 34 48 4.7 
Gamma2 18 05 48.5 -30 25 25 3.2 Alnasl
18 06 23.6 -36 01 11 5.9 
18 07 48.4 -17 09 15 5.5 
18 08 05.0 -28 27 25 4.6 
18 10 05.8 -30 43 43 5.6 
18 11 43.3 -23 42 04 5.0 
Mu 18 13 45.8 -21 03 32 3.8 Polis
18 14 15.9 -21 42 47 5.5 
18 15 12.9 -20 43 42 5.3 
18 15 13.0 -20 23 17 6.0 
18 17 11.6 -17 22 26 5.8 
18 17 36.2 -34 06 26 6.0 
Eta 18 17 37.7 -36 45 41 3.1 Sephdar
18 18 03.2 -27 02 33 4.6 
Delta 18 20 59.6 -29 49 41 2.7 Kaus-Media
18 21 23.0 -18 51 36 5.8 
18 22 53.1 -36 40 10 5.3 
18 23 28.8 -36 14 17 5.5 
Epsil 18 24 10.3 -34 23 04 1.8 Kaus-Australis
18 25 01.5 -30 45 23 5.6 
18 25 21.0 -20 32 30 4.9 
18 27 49.5 -29 49 01 5.9 
Lambd 18 27 58.3 -25 25 16 2.8 Kaus-Borealis
18 30 11.8 -18 43 43 5.6 
18 31 04.8 -32 59 20 5.4 
18 31 26.3 -18 24 10 5.1 
18 33 53.5 -24 01 56 5.5 
18 33 57.8 -33 01 00 5.3 
18 37 54.4 -21 23 51 5.9 
18 38 30.7 -23 30 17 5.8 
18 38 53.4 -21 03 05 5.9 
18 44 19.4 -35 38 31 4.8 
18 44 49.6 -25 00 39 5.8 
Phi 18 45 39.4 -26 59 27 3.2 Nanto
18 46 20.6 -22 23 32 5.4 
18 49 40.1 -20 19 29 5.2 
18 54 00.1 -21 21 35 5.7 
Nu-1 18 54 10.2 -22 44 41 4.8 Ain-al-Rami
Nu-2 18 55 07.1 -22 40 17 5.0 
Sigma 18 55 15.9 -26 17 48 2.1 Nunki
18 55 31.0 -16 22 34 5.5 
18 56 00.7 -23 10 25 5.9 
Ksi-1 18 57 20.5 -20 39 23 5.1 
Ksi-2 18 57 43.8 -21 06 24 3.5 Nergal
18 59 23.8 -12 50 26 5.5 
19 02 27.7 -24 50 47 5.6 
Dzêta 19 02 36.7 -29 52 48 2.6 Ascella
19 03 03.8 -19 14 44 6.0 
19 04 25.1 -31 02 49 5.5 
Omicr 19 04 40.9 -21 44 29 3.8 Manubrium
19 05 41.2 -15 39 37 5.9 
Tau 19 06 56.4 -27 40 11 3.3 Hecatebolus
19 07 30.8 -28 38 12 6.0 
19 08 16.7 -19 17 25 5.6 
Pi 19 09 45.8 -21 01 25 2.9 Albaldah
19 13 13.7 -25 54 24 5.8 
19 13 15.5 -12 16 57 5.5 
Psi 19 15 32.4 -25 15 24 4.9 
d 19 17 38.1 -18 57 10 4.9 
19 19 40.0 -35 25 17 5.6 
19 20 38.2 -22 24 09 5.6 
Rhô-1 19 21 40.4 -17 50 50 3.9 Cappa
Upsil 19 21 43.6 -15 57 18 4.6 
Rhô-2 19 21 50.8 -18 18 29 5.8 
Bêta-1 19 22 38.3 -44 27 32 4.0 Arkab-Prior
Bêta-2 19 23 13.1 -44 47 59 4.3 Arkab-Posterior
Alpha 19 23 53.2 -40 36 56 4.0 Rukbat
19 24 30.2 -27 51 57 6.0 
19 25 04.1 -29 18 33 5.9 
Khi-1 19 25 16.5 -24 30 30 5.0 
19 25 21.6 -13 53 50 5.7 
Khi-3 19 25 29.7 -23 57 45 5.4 
19 26 11.0 -15 03 12 5.7 
19 26 19.1 -21 46 36 5.6 
19 26 56.5 -29 44 35 5.6 
19 29 23.8 -43 26 42 5.7 
19 29 52.2 -26 59 08 5.5 
19 34 08.5 -40 02 05 5.9 
h-1 19 36 01.6 -24 43 08 5.6 
h-2 19 36 42.4 -24 53 01 4.6 
19 37 03.3 -18 13 52 5.6 
19 37 34.5 -14 18 05 5.5 
19 40 07.1 -23 25 45 6.0 
e-1 19 40 43.3 -16 17 35 5.3 
e-2 19 42 31.1 -16 07 26 5.1 
19 43 33.4 -15 28 11 5.5 
19 46 01.2 -31 54 31 5.5 
f 19 46 21.8 -19 45 39 4.9 
19 49 11.5 -28 47 19 6.0 
19 51 50.6 -39 52 28 5.3 
19 52 12.0 -19 02 42 5.9 
Iota 19 55 15.7 -41 52 06 4.1 
Oméga 19 55 50.2 -26 17 59 4.7 
b 1 19 56 56.8 -27 10 12 4.5 
g 19 57 57.0 -15 29 29 5.0 
A 19 58 57.2 -26 11 45 4.8 
Thêta1 19 59 44.2 -35 16 34 4.4 
Thêta2 19 59 51.3 -34 41 51 5.3 
20 00 15.9 -37 42 06 5.9 
20 00 20.2 -33 42 10 5.6 
20 00 48.3 -45 06 47 5.8 
20 01 23.8 -22 44 14 6.0 
20 01 58.6 -13 38 14 5.7 
c 20 02 39.5 -27 42 36 4.5 
0 03 33.4 -37 56 26 4.8 
20 04 19.6 -32 03 23 5.0 
20 11 11.6 -36 05 51 5.3 
Kappa1 20 22 27.5 -42 02 58 5.6 
Kappa2 20 23 53.2 -42 25 22 5.6 
20 25 26.8 -28 39 48 5.8 