09 46 23.6 01 47 08 5.6 
09 51 14.0 -04 14 36 6.0 
09 52 12.3 02 27 14 6.0 
Gamma 09 52 30.5 -08 06 18 5.1 
09 53 42.9 05 57 31 5.9 
Alpha 10 07 56.3 -00 22 18 4.5 
10 10 07.6 -08 24 29 5.9 
10 10 55.9 -08 25 06 5.6 
10 12 48.4 04 36 53 5.8 
Epsil 10 17 37.9 -08 04 08 5.2  
10 23 26.5 -04 04 27 5.9 
10 25 44.4 -07 03 37 5.6 
10 28 44.0 -03 44 32 6.0 
Delta 10 29 28.7 -02 44 21 5.2 
Bêta 10 30 17.5 -00 38 13 5.1 
10 48 40.6 -01 57 32 5.9 
10 49 43.5 -09 51 09 5.8 
10 50 18.1 -08 53 52 5.8 
10 51 05.4 -03 05 34 6.0 