15 12 04.3 18 58 34 5.9 
15 15 11.4 04 56 22 5.3 
15 15 49.1 00 22 20 5.6 
15 18 24.5 20 34 22 5.7 
15 18 26.1 -00 27 40 5.9 
15 19 18.6 01 46 00 5.0 
15 21 02.0 00 42 56 5.4 
Tau-1 15 25 47.4 15 25 41 5.2 
15 27 38.9 25 06 06 6.0 
15 28 38.3 01 50 32 5.2 
A-1 15 32 57.9 -01 11 11 5.5 
Delta 15 34 48.2 10 32 20 3.8 
15 35 53.4 11 15 56 6.0 
Tau-5 15 36 29.2 16 07 09 5.9 
15 36 29.6 10 00 38 5.3 
Tau-6 15 40 59.1 16 01 29 6.0 
Iota 15 41 33.1 19 40 14 4.5 
Khi 15 41 47.4 12 50 51 5.3 
Tau-7 15 41 54.8 18 27 50 5.8 
Psi 15 44 01.8 02 30 56 5.9 
Alpha 15 44 16.0 06 25 32 2.6 Unuk
15 45 23.5 05 26 50 5.6 
A-2 15 46 05.6 -01 48 15 5.4 
Bêta 15 46 11.2 15 25 19 3.7 
Lambd 15 46 26.7 07 21 12 4.4 
Upsil 15 47 17.4 14 06 55 5.7 
15 48 13.3 13 47 22 6.0 
Kappa 15 48 44.4 18 08 30 4.1 
Mu 15 49 37.3 -03 25 49 3.5 Leiolepis
Oméga 15 50 17.5 02 11 48 5.2 
Epsil 15 50 48.9 04 28 39 3.7 
b 15 51 15.6 -03 05 26 5.1 
Rhô 15 51 15.9 20 58 40 4.7 
15 54 34.7 20 18 39 5.4 
Gamma 15 56 27.0 15 39 53 3.8 
Phi 15 57 14.6 14 24 51 5.5 
16 00 51.2 04 25 38 5.8 
Pi 16 02 17.7 22 48 16 4.8 
16 07 37.6 09 53 30 5.6 
16 08 28.1 08 32 04 5.7 
16 08 58.9 03 27 16 5.9 
16 09 11.1 06 22 50 5.9 
16 09 50.5 -03 28 00 5.4 
Sigma 16 22 04.4 01 01 44 4.8 
Nu 17 20 49.6 -12 50 49 4.3 
17 34 46.3 -11 14 31 5.5 
Ksi 17 37 35.2 -15 23 54 3.5 
17 37 36.2 -15 34 16 5.9 
17 38 09.5 -10 55 34 5.7 
Omicr 17 41 24.9 -12 52 31 4.2 
17 47 36.8 -14 43 33 5.9 
17 56 19.0 -15 48 44 5.9 
Dzêta 18 00 28.9 -03 41 25 4.6 
18 06 07.4 -08 19 26 5.8 
18 06 15.1 -04 45 04 5.7 
18 16 53.1 -03 00 24 6.0 
18 20 08.8 -15 49 54 5.4 
Eta 18 21 18.9 -02 53 50 3.2 
d 18 27 12.5 00 11 46 5.3 
18 27 58.8 06 11 39 5.7 
c 18 29 41.0 -01 59 07 5.4 
18 31 57.0 -01 00 11 5.9 
e 18 37 36.0 -00 18 34 5.8 
Thêta 18 56 13.2 04 12 13 4.0 Alya
18 57 16.6 02 32 07 5.6 