b 15 50 58.8 -25 45 04 4.6 
A 15 53 36.7 -25 19 37 4.7 
15 53 53.9 -24 31 59 5.4 
15 53 55.9 -23 58 41 5.4 
15 54 39.5 -25 14 37 5.9 
15 55 30.1 -26 15 57 5.6 
Rhô 15 56 53.1 -29 12 50 3.9 
15 57 40.5 -20 58 59 5.8 
15 58 34.9 -24 49 53 5.4 
Pi 15 58 51.1 -26 06 51 2.9 Vrischika
Delta 16 00 20.0 -22 37 18 2.3 Dschubba
16 03 20.7 -25 51 55 5.0 
Ksi 16 04 22.2 -11 22 23 4.2 
Bêta 16 05 26.2 -19 48 19 2.4 Acrab
16 06 06.4 -23 36 22 5.9 
Oméga1 16 06 48.4 -20 40 09 3.9 Jabhat-al-Akrab-1
Oméga2 16 07 24.3 -20 52 07 4.3 Jabhat-al-Akrab-2
16 07 36.4 -12 44 43 5.8 
16 08 07.5 -26 19 36 5.4 
16 08 43.7 -23 41 07 5.9 
16 09 52.6 -33 32 45 5.5 
16 11 02.1 -29 24 58 5.1 
16 11 17.8 -41 07 10 5.9 
Nu 16 11 59.7 -19 27 38 4.0 Jabbah
Psi 16 12 00.0 -10 03 51 4.9 
16 12 07.3 -08 32 51 5.4 
c-1 16 12 16.1 -28 25 02 5.8 
c-2 16 12 18.2 -27 55 35 4.6 
Khi 16 13 50.9 -11 50 16 5.2 
16 14 22.4 -33 00 40 5.9 
16 15 37.1 -08 22 06 5.5 
d 16 18 17.9 -28 36 50 4.8 
16 19 00.4 -14 52 22 6.0 
16 19 32.7 -30 54 24 5.5 
Omicr 16 20 38.2 -24 10 09 4.6 
Sigma 16 21 11.3 -25 35 34 2.9 Alniyat
16 24 01.2 -39 11 35 5.4 
16 24 31.8 -37 33 57 5.4 
16 24 39.7 -29 42 13 5.4 
16 28 14.5 -37 10 47 5.8 
Alpha 16 29 24.5 -26 25 55 1.1 Antarès
i 16 30 12.5 -25 06 55 4.8 
N 16 31 22.9 -34 42 16 4.2 
16 31 41.8 -41 49 02 5.3 
Tau 16 35 53.0 -28 12 57 2.8 Alniyat
H 16 36 22.5 -35 15 19 4.2 
16 36 22.6 -42 51 32 5.5 
16 38 26.3 -43 23 54 5.8 
16 39 05.2 -37 13 02 5.9 
16 41 45.5 -33 08 44 5.8 
16 43 47.6 -38 09 22 6.0 
16 44 42.6 -40 50 23 5.6 
16 45 00.2 -28 30 35 6.0 
16 46 48.0 -39 22 37 5.5 
Epsil 16 50 10.2 -34 17 33 2.3 
16 51 00.1 -37 30 50 5.6 
16 51 33.7 -41 13 50 5.2 
Mu-1 16 51 52.2 -38 02 50 3.0 Denebakrab-1
Mu-2 16 52 20.2 -38 01 03 3.5 Denebakrab-2
16 53 42.4 -43 03 03 6.0 
Dzêta1 16 53 59.7 -42 21 43 4.8 
16 54 01.8 -41 48 23 5.4 
16 54 26.9 -42 28 44 5.8 
Dzêta2 16 54 35.1 -42 21 39 3.6 Graffias
16 54 58.5 -41 09 03 5.8 
16 57 11.2 -33 15 34 5.5 
16 58 52.3 -37 37 13 6.0 
17 00 37.0 -35 56 02 5.9 
17 01 52.6 -32 08 36 5.0 
17 03 50.9 -38 09 09 5.9 
k 17 04 49.4 -34 07 23 4.9 
17 06 20.2 -37 13 39 6.0 
17 08 47.5 -30 24 13 5.9 
17 10 42.4 -44 33 27 5.1 
Eta 17 12 09.2 -43 14 19 3.3 Sabik
17 12 16.2 -39 30 24 5.7 
17 12 58.6 -32 26 18 6.0 
17 15 19.2 -33 32 54 5.6 
17 15 36.1 -38 35 35 5.9 
17 17 03.7 -32 39 46 5.5 
17 18 47.8 -44 07 47 5.7 
17 22 54.7 -37 13 14 5.9 
17 24 13.1 -44 09 45 5.1 
17 28 56.1 -36 46 42 6.0 
Upsil 17 30 45.8 -37 17 45 2.7 Lesath
17 33 07.4 -41 10 23 5.8 
Lambd 17 33 36.5 -37 06 13 1.6 Shaula
17 34 42.5 -32 34 54 5.7 
Q 17 36 32.8 -38 38 06 4.3 
Thêta 17 37 19.1 -42 59 52 1.8 Sargas
17 40 58.5 -32 12 52 6.0 
Kappa 17 42 29.3 -39 01 48 2.4 Girtab
17 42 51.1 -36 56 44 5.5 
17 44 42.0 -42 43 45 5.9 
Iota-1 17 47 35.1 -40 07 37 3.0 Apollyon
17 49 10.5 -31 42 11 4.8 
G 17 49 51.5 -37 02 36 3.2 Basanismus
Iota-2 17 50 11.1 -40 05 26 4.8 
17 51 32.6 -40 46 20 6.0 
17 52 13.7 -34 47 57 5.9 
17 52 19.8 -34 25 01 5.8 
17 52 49.2 -34 06 53 6.0 
17 52 57.6 -35 37 27 6.0 
17 53 23.5 -34 53 42 5.6 
17 53 54.8 -34 45 10 6.0 
17 55 08.0 -36 28 32 6.0 
17 56 47.4 -44 20 32 4.8 
17 57 47.8 -41 42 59 4.9 