23 08 21.1 -28 49 25 5.6 
23 09 44.6 -28 05 19 5.9 
Gamma 23 18 49.4 -32 31 55 4.4 
23 21 15.5 -26 59 12 5.7 
Bêta 23 32 58.2 -37 49 06 4.4 
Mu 23 40 38.2 -32 04 23 5.3 
Delta 23 48 55.5 -28 07 48 4.6 
23 59 27.9 -29 29 07 5.6 
Dzêta 00 02 19.9 -29 43 14 5.0 
00 08 03.5 -33 31 46 5.7 
Kappa1 00 09 21.0 -27 59 16 5.5 
Kappa2 00 11 34.4 -27 47 59 5.4 
Thêta 00 11 43.9 -35 08 00 5.2 
00 13 42.2 -26 01 20 5.9 
00 16 08.8 -31 26 47 5.6 
Iota 00 21 31.2 -28 58 53 5.2 
00 27 14.7 -25 32 50 6.0 
Eta 00 27 55.7 -33 00 25 4.9 
00 33 41.1 -29 33 30 5.5 
Lambd2 00 44 11.9 -38 25 19 5.9 
Alpha 00 58 36.3 -29 21 27 4.3 
Ksi 01 01 18.2 -38 55 00 5.6 
Sigma 01 02 26.4 -31 33 07 5.5 
01 12 45.4 -37 51 23 5.9 
01 23 31.0 -30 56 44 5.8 
01 30 22.9 -26 12 28 5.9 
01 31 43.3 -30 16 59 5.8 
01 32 56.1 -36 51 55 5.5 
Tau 01 36 08.4 -29 54 27 5.8 
01 38 27.5 -36 31 41 5.9 
01 42 03.0 -36 49 56 5.7 
Pi 01 42 08.6 -32 19 37 5.3 
Epsil 01 45 38.7 -25 03 09 5.3 