15 09 29.9 -67 05 03 5.8 
15 14 19.2 -70 04 46 5.6 
Gamma 15 18 54.7 -68 40 46 2.9 
15 26 14.5 -68 18 33 5.9 
15 27 33.1 -64 31 53 5.7 
Epsil 15 36 43.2 -66 19 01 4.1 
15 47 53.1 -65 26 32 5.9 
Bêta 15 55 08.8 -63 25 47 2.8 
Kappa 15 55 29.6 -68 36 11 5.1 
15 56 06.0 -60 28 56 5.7 
15 58 58.2 -65 02 15 5.7 
Delta 16 15 26.3 -63 41 08 3.8 
16 17 05.5 -67 56 28 5.9 
Iota 16 27 57.3 -64 03 29 5.3 
Dzêta 16 28 27.8 -70 05 05 4.9 
16 30 49.4 -61 38 01 5.2 
Thêta 16 35 44.8 -65 29 43 5.5 
Eta-1 16 41 23.1 -68 17 46 5.9 
16 43 22.1 -67 25 56 6.0 
16 46 40.0 -67 06 35 5.1 
Alpha 16 48 39.9 -69 01 39 1.9 Atria
16 59 34.0 -69 16 05 5.8 