03 24 10.1 12 37 47 6.0 
Omicr 03 24 48.8 09 01 45 3.6 Atirsagne
Ksi 03 27 10.1 09 43 58 3.7 Ushakaron
s 03 30 24.5 11 20 11 5.1 
03 30 45.4 06 11 19 5.9 
f 03 30 52.4 12 56 12 4.1 Esat
t 03 32 35.9 09 22 25 5.8 
03 34 26.6 24 27 53 6.0 
03 36 47.3 00 35 17 5.9 
03 36 52.5 00 24 10 4.3 
03 39 51.1 03 03 25 5.5 
03 42 18.9 19 42 01 5.7 
03 44 48.2 24 17 22 5.4 Celaeno
03 44 52.5 24 06 48 3.7 Électre
03 45 09.7 24 50 22 5.7 
q 03 45 12.5 24 28 03 4.3 Taygète
u 03 45 40.4 06 03 00 5.3 
03 45 49.6 24 22 04 3.9 Maïa
03 45 54.5 24 33 17 5.8 Astérope-I
03 46 09.4 06 48 13 5.9 
03 46 19.6 23 56 54 4.2 Mérope
Eta 03 47 29.1 24 06 19 2.9 Alcyone
e 03 48 16.3 11 08 36 5.1 
03 48 20.8 23 25 17 5.4 
03 49 09.7 24 03 13 3.6 Atlas
03 49 11.2 24 08 13 5.0 Pléione
03 50 18.9 25 34 47 5.2 
03 52 00.2 06 32 06 5.7 
03 53 10.0 17 19 38 6.0 
03 56 52.0 22 28 42 5.6 
03 57 03.8 23 10 32 6.0 
Lambd 04 00 40.8 12 29 25 3.4 Elthor
04 00 48.7 18 11 39 5.9 
04 01 46.1 09 59 53 5.7 
Nu 04 03 09.4 05 59 22 3.9 Furibundus
04 03 44.6 05 26 08 5.3 
04 03 56.5 08 11 50 5.4 
04 04 09.8 02 49 38 5.3 
04 04 21.7 24 06 22 5.5 
A-1 04 04 41.7 22 04 55 4.3 
A-2 04 05 20.1 22 00 33 5.9 
04 06 36.4 27 36 00 5.2 
Psi 04 07 00.5 29 00 05 5.2 
04 07 41.9 15 09 46 6.0 
04 07 59.4 17 20 24 5.9 
04 09 01.6 13 23 54 5.9 
Oméga1 04 09 09.9 19 36 33 5.5 
p 04 10 49.9 26 28 52 5.4 
04 11 20.2 05 31 23 5.7 
04 13 33.1 07 42 58 5.3 
04 13 56.4 09 15 50 4.9 
04 14 36.2 10 00 41 5.2 
Mu 04 15 32.0 08 53 33 4.3 
Oméga2 04 17 15.7 20 34 43 4.9 
04 18 23.1 21 34 46 5.6 
04 19 26.1 21 08 33 5.5 
04 19 36.7 21 46 25 5.3 
Gamma 04 19 47.5 15 37 40 3.6 Hyadum-I
h 04 19 57.6 14 02 07 5.6 
Phi 04 20 21.2 27 21 03 4.9 
04 20 36.2 15 05 44 5.3 
04 20 41.3 06 07 51 5.8 
04 22 03.4 14 04 38 5.7 
04 22 22.7 20 49 17 6.0 
Khi 04 22 34.9 25 37 46 5.4 
Delta1 04 22 56.0 17 32 33 3.8 Hyadum-II
04 23 25.0 16 46 38 5.6 
04 23 32.4 20 58 56 6.0 
r 04 23 51.8 09 27 40 5.1 
Delta2 04 24 05.7 17 26 39 4.8 
04 24 57.1 19 02 32 6.0 
Kappa1 04 25 22.1 22 17 38 4.2 
Kappa2 04 25 24.9 22 12 00 5.3 
Delta3 04 25 29.3 17 55 41 4.3 Cleeia
Upsil 04 26 18.4 22 48 49 4.3 
04 26 20.7 15 37 06 4.5 Polyxo
Pi 04 26 36.4 14 42 50 4.7 
04 27 17.4 22 59 47 5.5 
04 27 28.8 11 12 44 5.9 
04 28 00.7 21 37 12 5.7 
04 28 23.3 14 44 28 5.9 
04 28 26.4 16 21 35 5.0 
04 28 32.1 01 22 51 5.5 44-Eri
Thêta1 04 28 34.4 15 57 44 3.8 Phaeo
Epsil 04 28 36.9 19 10 50 3.5 Ain 
Thêta2 04 28 39.7 15 52 15 3.4 Phaesyla
b 04 28 50.1 13 02 52 5.0 
04 30 08.5 15 38 16 5.6 
04 30 33.6 16 11 39 4.8 
04 30 37.3 13 43 28 5.4 
04 30 38.8 15 41 31 5.5 
04 31 51.7 15 51 06 6.0 
04 33 48.2 09 24 49 6.0 
Rhô 04 33 50.9 14 50 40 4.6 
04 34 08.3 05 34 07 5.7 
04 34 38.0 28 57 40 5.9 
d 04 35 39.2 10 09 39 4.2 
Alpha 04 35 55.2 16 30 35 0.9 Aldébaran
04 36 29.1 23 20 28 6.0 
04 37 13.7 00 59 54 5.3 49-Eri
c-1 04 38 09.4 12 30 39 4.3 
04 38 09.4 16 02 00 5.8 
04 38 15.8 20 41 05 5.9 
04 39 06.1 07 52 16 5.4 
Sigma1 04 39 09.2 15 48 00 5.1 
Sigma2 04 39 16.5 15 55 05 4.7 
04 40 03.4 12 11 52 5.4 
04 41 19.7 28 36 54 5.7 
Tau 04 42 14.7 22 57 25 4.3 
04 46 16.8 18 44 06 6.0 
i 04 51 22.4 18 50 24 5.1 
04 52 47.1 27 53 51 6.0 
04 57 22.3 17 09 13 5.5 
04 57 48.6 23 56 55 5.8 
k 04 58 09.4 25 03 02 5.8 
Iota 05 03 05.7 21 35 24 4.6 
M 05 07 26.7 18 38 42 4.9 
l 05 07 48.4 20 25 06 5.3 
05 07 55.4 21 42 17 5.8 
05 08 06.6 24 15 55 5.5 
05 09 45.1 28 01 50 6.0 
n 05 19 16.6 22 05 48 4.9 
05 24 25.3 17 23 01 5.0 
Bêta 05 26 17.5 28 36 28 1.7 El-Nath
05 27 10.1 17 57 44 5.4 
o 05 27 38.1 21 56 13 4.9 
05 27 45.6 15 52 27 5.5 
05 28 01.6 17 14 21 5.8 
05 29 16.5 25 09 01 5.8 
05 32 12.8 18 35 39 4.4 
05 33 31.6 18 32 25 5.7 
05 35 27.1 24 02 23 5.4 
05 37 03.7 17 02 25 5.5 
Dzêta 05 37 38.7 21 08 33 3.0 Alheka
05 39 44.2 25 53 50 5.2 
05 41 17.7 16 32 03 4.8 
05 46 45.5 15 49 21 6.0 
05 47 13.1 14 29 18 5.7 
05 47 26.2 17 43 45 5.5 
05 47 42.9 13 53 59 5.3 
05 48 22.4 20 52 10 6.0 
05 49 01.0 24 34 03 4.9 
05 49 32.9 12 39 05 4.9 
05 50 28.9 14 18 21 5.8 
05 50 58.1 27 58 04 5.6 
05 52 22.3 14 10 18 5.6 
05 53 19.6 27 36 44 4.6 
05 56 56.1 24 14 59 6.0 
05 57 59.7 25 57 14 4.8 