Alpha 22 18 30.2 -60 15 34 2.9 
22 24 56.2 -57 47 48 5.3 
Delta 22 27 19.9 -64 57 59 4.5 
Nu 22 33 00.0 -61 58 55 5.0 
22 40 48.9 -57 25 20 6.0 
23 16 57.5 -62 00 04 5.6 
Gamma 23 17 25.8 -58 14 09 4.0 
23 25 19.4 -56 50 56 5.6 
23 27 14.9 -58 28 35 5.6 
23 29 00.9 -63 06 38 5.7 
23 44 12.0 -64 24 16 5.7 
23 57 19.8 -62 57 24 5.9 
Eta 23 57 35.0 -64 17 53 5.0 
Epsil 23 59 54.9 -65 34 37 4.5 
00 04 41.3 -71 26 13 5.6 
Dzêta 00 20 01.9 -64 52 39 4.2 
Pi 00 20 39.0 -69 37 30 5.5 
Bêta 1 00 31 32.6 -62 57 29 3.6 
Bêta 3 00 32 43.8 -63 01 53 5.1 
00 40 24.7 -59 27 20 5.9 
Rhô 00 42 28.3 -65 28 05 5.4 
00 42 41.6 -60 15 46 6.0 
00 53 37.8 -62 52 17 5.8 
Lambd2 00 55 00.3 -69 31 37 5.4 
Iota 01 07 18.6 -61 46 31 5.3 
Kappa 01 15 45.5 -68 52 34 4.9 