Epsil 18 11 13.8 -45 57 16 4.5 
18 17 00.9 -51 04 06 6.0 
18 17 07.5 -56 01 24 5.4 
18 26 54.0 -48 07 02 5.4 
Alpha 18 26 58.4 -45 58 06 3.5 
18 27 04.2 -53 06 37 6.0 
Dzêta 18 28 49.7 -49 04 12 4.1 
18 29 55.9 -47 13 14 5.7 
Delta1 18 31 45.4 -45 54 53 4.9 
Delta2 18 32 01.9 -45 45 26 5.1 
18 39 14.3 -47 54 35 5.8 
18 49 27.3 -45 48 37 5.8 
18 52 27.2 -46 35 42 5.5 
Kappa 18 52 39.6 -52 06 26 5.2 
Lambd 18 58 27.8 -52 56 19 4.8 
19 03 57.5 -51 01 06 5.9 
Rhô 19 06 19.9 -52 20 26 5.2 
19 06 55.6 -48 17 57 6.0 
19 16 21.7 -45 27 58 5.4 
Eta 19 22 51.2 -54 25 25 5.0 
19 27 48.1 -54 19 31 5.7 
19 32 53.8 -53 11 08 5.7 
19 33 21.6 -45 16 18 5.6 
Iota 19 35 13.0 -48 05 57 4.9 
Nu 19 48 01.1 -56 21 44 5.3 
19 50 14.1 -47 33 26 5.9 
19 52 37.7 -54 58 16 5.7 
Ksi 20 07 23.2 -52 52 51 4.9 
20 14 19.0 -52 26 44 5.6