20 39 24.8 00 29 11 5.1 
Epsil 20 47 40.5 -09 29 44 3.8 Albali
k 20 47 44.2 -05 01 39 4.5 
20 50 41.7 -12 32 41 5.9 
20 52 08.7 -05 30 25 5.5 
Mu 20 52 39.2 -08 59 00 4.7 
20 56 54.0 -09 41 51 5.5 
20 58 41.9 -14 28 59 6.0 
21 04 04.7 -05 49 23 5.7 
Nu 21 09 35.6 -11 22 18 4.5 Albulaan
21 18 11.1 -04 31 10 5.8 
21 21 04.3 -04 33 37 5.9 
21 22 56.3 -09 19 09 6.0 
21 24 11.4 -12 52 41 5.5 
21 25 13.0 -09 44 53 5.7 
21 25 17.0 -03 33 24 5.5 
Bêta 21 31 33.5 -05 34 16 2.9 Sadalsud
21 35 17.6 -03 59 00 5.8 
Ksi 21 37 45.0 -07 51 15 4.7 
d 21 39 33.3 02 14 38 5.1 
21 42 10.1 01 17 07 5.6 
21 54 10.3 -04 16 33 5.7 
22 01 05.0 00 36 17 5.6 
22 03 16.4 -06 31 21 5.5 
Omicr 22 03 18.8 -02 09 19 4.8 
22 04 47.4 -00 54 22 5.3 
Alpha 22 05 47.0 -00 19 11 2.9 Sadalmelik
Iota 22 06 26.2 -13 52 10 4.3 
22 08 59.0 -18 31 10 5.8 
22 10 33.7 -04 16 01 6.0 
e 22 10 37.5 -11 33 54 5.4 
22 12 25.7 -14 11 38 6.0 
22 14 18.0 -21 04 29 6.0 
22 16 48.0 -12 49 53 5.3 
Thêta 22 16 50.0 -07 47 00 4.2 Ancha
22 16 52.6 -09 02 24 5.8 
22 17 06.5 -05 23 14 5.7 
22 19 00.7 -13 18 18 6.0 
Rhô 22 20 11.9 -07 49 16 5.3 
22 21 35.6 -21 35 53 5.1 
Gamma 22 21 39.3 -01 23 14 3.8 Sadalachbia
22 23 30.8 -24 45 46 5.5 
22 23 32.2 -07 11 40 5.9 
22 24 06.9 -04 50 13 5.8 
22 24 27.0 -13 31 46 5.8 
Pi 22 25 16.6 01 22 39 4.8 Seat 
f 22 26 34.1 -16 44 32 6.0 
Dzêta 22 28 49.8 -00 01 12 3.6 Sadaltager
Sigma 22 30 38.8 -10 40 40 4.8 
22 34 02.9 -01 34 27 5.9 
Upsil 22 34 41.5 -20 42 28 5.2 
Eta 22 35 21.3 -00 07 03 4.0 Hydria
22 35 36.4 -23 59 28 6.0 
Kappa 22 37 45.4 -04 13 40 5.0 Situla
22 38 22.1 -07 53 51 5.9 
g 22 43 35.3 -18 49 49 4.7 
22 47 33.2 -19 36 46 5.2 
Tau-1 22 47 42.8 -14 03 23 5.7 
Tau-2 22 49 35.5 -13 35 33 4.0 
Lambd 22 52 36.9 -07 34 47 3.8 Hydor
22 53 28.7 -11 36 59 5.8 
Delta 22 54 39.0 -15 49 15 3.3 Skat
22 54 45.6 -16 16 18 5.5 
22 55 10.9 -04 59 16 5.7 
23 01 31.7 -04 42 41 5.9 
23 02 44.3 -20 52 13 6.0 
h 23 05 09.7 -07 41 38 5.4 
c-1 23 06 40.8 -23 44 35 4.5 
c-2 23 09 26.8 -21 10 21 3.7 
c-3 23 09 54.9 -22 27 27 4.7 
Phi 23 14 19.3 -06 02 55 4.2 
23 15 34.3 -03 29 47 5.6 
Psi-1 23 15 53.3 -09 05 16 4.2 
Khi 23 16 51.0 -07 43 35 5.0 
Psi-2 23 17 54.2 -09 10 57 4.4 
Psi-3 23 18 57.7 -09 36 39 5.0 
23 19 06.5 -13 27 30 5.2 
23 19 23.9 -05 07 27 5.6 
23 19 24.1 -18 04 31 6.0 
23 22 39.1 -15 02 22 5.2 
b-1 23 22 58.3 -20 06 01 4.0 
b-2 23 26 02.8 -20 38 31 4.4 
b-3 23 33 16.6 -20 54 52 4.7 
23 34 49.3 -15 14 45 5.9 
23 37 39.5 -13 03 37 5.7 
Oméga1 23 39 47.0 -14 13 19 5.0 
23 41 08.9 -11 40 50 5.9 
A-1 23 41 34.5 -18 01 37 5.3 
A-2 23 41 45.8 -17 49 00 4.8 
23 42 27.8 -15 26 53 5.3 
Oméga2 23 42 43.3 -14 32 41 4.5 
i-1 23 44 12.1 -18 16 37 5.2 
i-2 23 46 00.8 -18 40 42 5.3 
23 47 15.9 -11 54 39 5.7 
23 50 14.6 -09 58 28 5.9 
23 50 33.3 -14 24 05 5.7 
i-3 23 51 21.3 -18 54 33 5.2 
23 52 30.0 -14 15 04 5.8 
23 52 50.5 -08 59 48 5.7 
