12 16 07.5 40 39 37 5.7 
12 19 48.7 48 59 03 5.3 
12 23 47.1 42 32 34 6.0 
12 24 01.5 51 33 44 4.8 
12 25 51.0 39 01 07 5.0 
12 33 38.9 33 14 52 5.4 
Bêta 12 33 45.1 41 21 24 4.2 Chara
12 44 59.7 39 16 43 6.0 
12 45 07.8 45 26 25 5.3 La-Superba
12 50 10.8 37 31 01 5.9 
12 54 56.5 47 11 48 5.9 
Alpha 12 56 01.8 38 19 06 2.8 Cor-Caroli
13 05 44.5 35 47 56 5.2 
13 05 52.3 45 16 07 5.6 
13 09 38.7 37 25 23 6.0 
13 10 03.3 38 29 56 5.9 
13 13 43.0 40 09 10 4.9 
13 15 32.0 40 51 19 5.8 
13 17 32.6 40 34 21 4.7 
13 18 14.5 49 40 55 5.1 
13 18 27.7 34 05 54 5.8 
13 19 04.3 35 07 41 6.0 
13 20 19.0 40 09 02 5.6 
13 26 16.6 46 01 41 5.9 
13 34 27.4 49 00 57 4.7 
13 34 47.7 37 10 57 4.9 
13 37 27.7 36 17 41 4.9 
13 42 43.4 34 59 20 6.0 
13 46 13.6 41 05 20 5.9 
13 46 19.1 38 30 13 5.9 
13 46 59.9 38 32 34 5.5 
13 48 38.7 31 11 24 5.6 
13 51 09.2 34 39 52 5.9 
13 51 47.5 34 26 40 4.8 
13 53 10.4 28 38 53 5.9 