06 01 00.5 27 34 21 6.0 
06 04 07.2 23 15 49 4.2 Propus
06 09 32.4 22 11 25 5.9 
06 09 44.0 23 06 48 5.8 
06 11 32.3 24 25 13 5.8 
Eta 06 14 52.7 22 30 25 3.3 Tejat Prior
Mu 06 22 57.6 22 30 50 2.9 Tejat Posterior
06 25 32.9 23 19 38 6.0 
Nu 06 28 57.8 20 12 44 4.1 
06 33 36.2 14 09 19 5.6 
Gamma 06 37 42.7 16 23 58 2.0 Alhena
06 39 47.7 12 58 58 6.0 
06 42 24.3 17 38 44 5.2 
Epsil 06 43 55.9 25 07 52 3.0 Mebsuta
06 43 59.3 13 13 41 4.5 
06 44 45.5 28 58 16 5.4 
Ksi 06 45 17.4 12 53 46 3.3 Alzirr
06 49 41.3 32 36 25 5.7 
06 49 49.8 16 12 10 5.8 
06 50 25.5 13 24 48 5.7 
d 06 51 33.0 21 45 40 5.3 
06 52 00.0 23 36 06 5.7 
Thêta 06 52 47.3 33 57 41 3.6 Nageba
e 06 54 38.6 13 10 41 4.7 
06 55 18.7 25 22 32 5.7 
06 57 00.5 33 40 52 5.9 
07 00 15.8 16 04 44 5.7 
07 02 17.5 15 20 10 5.8 
Oméga 07 02 24.8 24 12 56 5.2 
07 02 25.5 17 45 20 6.0 
07 02 33.3 16 40 28 5.9 
07 03 30.4 29 20 21 5.9 
07 03 38.1 10 57 07 5.1 
07 03 51.6 12 35 39 6.0 
Dzêta 07 04 06.5 20 34 13 3.9 Mekbuda
07 05 18.4 22 38 15 6.0 
07 06 11.6 34 28 27 5.5 
07 07 22.4 34 00 34 5.9 
07 08 22.0 15 55 51 5.5 
Tau 07 11 08.4 30 14 43 4.4 
07 11 23.1 26 51 24 5.7 
07 12 26.4 24 07 43 5.8 
07 13 22.3 16 09 33 5.1 
07 14 41.9 24 53 07 5.8 
07 15 57.2 27 53 51 5.8 
Lambd 07 18 05.6 16 32 26 3.6 Kebash
Delta 07 20 07.4 21 58 56 3.5 Wasat
07 21 56.9 20 26 37 5.1 
A 07 23 28.6 25 03 02 5.0 
07 24 33.4 27 38 16 5.8 
Iota 07 25 43.7 27 47 54 3.8 
07 26 56.3 20 15 27 5.9 
07 27 44.4 21 26 44 5.2 
Rhô 07 29 06.6 31 47 03 4.2 
07 29 20.5 28 07 06 5.1 
b 07 29 48.8 27 54 58 5.0 
07 31 48.4 17 05 10 5.4 
07 33 36.5 15 49 36 5.3 
Alpha 07 34 36.0 31 53 19 1.6 Castor
07 35 08.8 30 57 39 5.3 
Upsil 07 35 55.4 26 53 46 4.1 
07 38 32.8 35 02 55 5.6 
Omicr 07 39 10.0 34 35 05 4.9 
f 07 39 28.6 17 40 28 5.0 
07 40 58.5 23 01 07 5.9 
07 41 51.9 13 28 50 5.8 
07 42 03.2 14 12 31 5.6 
07 42 43.6 34 00 01 6.0 
Sigma 07 43 18.7 28 53 03 4.2 
c 07 44 06.9 25 47 03 5.3 
Kappa 07 44 26.9 24 23 53 3.6 Al Kirkab
Bêta 07 45 19.4 28 01 35 1.2 Pollux
g 07 46 07.5 18 30 37 4.9 
Pi 07 47 30.3 33 24 57 5.1 
07 51 02.4 33 14 01 6.0 
07 51 56.8 19 19 31 6.0 
Phi 07 53 29.8 26 45 57 5.0 
07 55 39.9 19 53 03 5.4 
Khi 08 03 31.1 27 47 40 4.9 