22 59 27.4 00 57 47 5.4 
23 00 42.9 03 00 43 5.8 
Bêta 23 03 52.6 03 49 12 4.5 Fum-al-Samakah
A 23 08 40.8 02 07 39 5.4 
Gamma 23 17 09.5 03 16 56 3.7 Simmah
b 23 20 20.5 05 22 53 5.1 
Kappa 23 26 55.9 01 15 21 4.9 
Thêta 23 27 58.2 06 22 45 4.3 
23 34 09.0 -01 14 51 5.9 
23 36 23.3 02 06 07 5.7 
Iota 23 39 56.8 05 37 38 4.1 
23 41 56.7 07 15 02 5.9 
Lambd 23 42 02.9 01 46 50 4.5 
23 46 23.5 03 29 13 5.0 
23 47 56.5 -02 45 42 5.5 
23 49 27.5 01 04 34 5.8 
23 51 57.8 02 55 50 5.6 
23 52 55.5 -03 09 19 5.9 
23 54 46.6 00 06 34 5.9 
23 58 40.4 -03 33 21 4.9 
Oméga 23 59 18.6 06 51 49 4.0 Vernalis
00 01 49.4 -03 01 39 5.1 
00 01 57.6 -06 00 50 4.4 
c 00 02 29.8 08 29 08 5.7 
00 05 20.1 -05 42 28 4.6 
00 10 02.2 11 08 45 5.5 
00 10 18.8 -05 14 55 5.8 
00 14 58.8 08 49 16 6.0 
d 00 20 35.9 08 11 25 5.4 
00 25 24.2 01 56 23 5.8 
00 28 02.8 17 53 35 5.1 
00 28 20.0 10 11 25 6.0 
00 32 23.8 06 57 20 5.7 
00 32 35.4 20 17 40 5.4 
00 36 47.3 15 13 54 5.9 
00 39 22.1 21 15 05 5.9 
00 39 55.6 21 26 19 5.4 
00 46 33.0 15 28 32 5.4 
00 47 01.4 11 58 26 5.5 
00 47 23.6 06 44 28 6.0 
00 48 17.3 07 18 00 5.9 
00 48 22.5 05 17 00 5.7 
Delta 00 48 40.9 07 35 07 4.4 
00 48 58.7 16 56 28 5.1 
00 49 53.0 27 42 38 5.6 
00 54 35.2 19 11 18 5.8 
h 00 57 50.1 28 59 32 5.4 
Sigma 01 02 49.1 31 48 16 5.5 
Epsil 01 02 56.7 07 53 24 4.3 
01 04 52.6 05 39 23 6.0 
01 05 05.4 14 56 46 5.6 
Psi-1 01 05 40.9 21 28 24 4.6 
Psi-2 01 07 57.1 20 44 22 5.6 
e 01 08 22.3 05 39 01 5.5 
Psi-3 01 09 49.2 19 39 30 5.6 
01 10 19.4 25 27 29 5.8 
g 01 11 06.8 31 25 29 5.2 
Khi 01 11 27.2 21 02 05 4.7 
Tau 01 11 39.6 30 05 23 4.5 Anunitum
Dzêta 01 13 43.8 07 34 32 5.2 Revati
Phi 01 13 44.9 24 35 02 4.7 
01 14 07.6 16 08 01 6.0 
01 14 42.4 06 59 43 6.0 
01 16 18.9 33 06 53 6.0 
f 01 17 48.0 03 36 52 5.1 
Upsil 01 19 28.0 27 15 51 4.7 
l 01 21 07.4 28 44 18 5.2 
01 23 25.0 20 28 08 6.0 
Rhô 01 26 15.3 19 10 20 5.3 
01 26 41.6 19 14 26 5.5 
01 29 52.8 18 21 20 6.0 
Mu 01 30 10.9 06 08 38 4.8 
Eta 01 31 29.0 15 20 45 3.6 Alpherg
01 34 49.0 18 27 38 5.9 
01 35 54.7 17 26 02 5.9 
Pi 01 37 06.0 12 08 29 5.5 
01 39 40.8 16 24 21 6.0 
Nu 01 41 25.9 05 29 15 4.4 
01 42 29.9 20 16 13 5.2 
Omicr 01 45 23.6 09 09 28 4.3  
01 48 26.0 03 41 07 5.9 
Ksi 01 53 33.3 03 11 15 4.6 
02 00 09.0 03 05 51 5.9 
Alpha 02 02 02.8 02 45 50 3.8 Alrescha