08 04 42.4 -50 35 25 5.9 
08 06 40.3 -45 15 58 5.0 
08 09 09.5 -48 41 04 5.7 
Gamma 08 09 32.0 -47 20 12 1.7 Regor
08 09 35.9 -44 07 22 5.2 
08 09 43.2 -47 56 14 5.2 
08 11 10.8 -48 27 43 5.8 
08 12 00.0 -46 38 40 5.7 
08 12 30.8 -46 15 52 6.0 
08 13 34.2 -50 11 46 5.5 
08 13 36.2 -46 59 30 5.1 
08 14 23.9 -45 50 04 5.8 
B 08 22 31.7 -48 29 25 4.8 
08 22 55.2 -52 07 26 5.9 
08 25 31.3 -51 43 39 5.2 
08 26 25.2 -52 48 27 6.0 
F 08 27 36.7 -53 05 19 5.1 
A 08 29 04.8 -47 55 44 5.3 
08 29 07.6 -44 09 38 5.8 
08 29 27.5 -44 43 29 5.2 
08 29 45.7 -46 19 54 6.0 
08 32 05.0 -53 12 43 5.8 
08 33 38.4 -38 50 56 5.9 
C 08 34 43.6 -49 56 39 5.0 
E 08 35 52.0 -50 58 11 5.8 
e 08 37 38.6 -42 59 21 4.1 
08 39 23.9 -53 26 23 5.4 
08 39 57.6 -53 03 17 5.2 
08 40 17.5 -53 00 56 5.5 
Omicr 08 40 17.6 -52 55 19 3.6 Xestus
08 40 19.2 -40 15 50 5.2 
08 40 35.3 -45 11 28 5.7 
b 08 40 37.6 -46 38 56 3.8 
08 41 05.3 -48 55 22 5.9 
n 08 41 13.1 -47 19 02 4.8 
08 41 56.9 -45 24 39 5.2 
08 42 16.2 -48 05 57 5.5 
08 42 19.0 -53 06 00 5.5 
08 42 25.4 -53 06 51 4.8 
D 08 43 40.3 -49 49 22 5.1 
d 08 44 24.0 -42 38 58 4.1 
Delta 08 44 42.2 -54 42 31 1.9 
a 08 46 01.7 -46 02 30 3.9 
08 46 30.6 -45 54 45 5.5 
08 47 18.8 -46 09 20 5.7 
h 08 49 39.2 -40 19 13 5.5 
g 08 49 47.6 -45 18 28 4.9 
08 50 21.0 -42 05 23 6.0 
f 08 50 33.5 -46 31 45 5.1 
08 52 38.6 -48 21 33 5.9 
08 52 48.0 -38 43 27 5.8 
08 53 50.6 -47 31 15 5.3 
08 55 11.8 -54 57 56 5.7 
H 08 56 19.3 -52 43 25 4.7 
08 57 55.6 -48 34 23 5.9 
08 58 52.4 -47 14 05 5.2 
w 09 00 05.4 -41 15 13 4.5 
09 01 20.9 -41 51 51 5.5 
09 01 44.6 -52 11 19 5.3 
c 09 04 09.3 -47 05 52 3.7 
Lambd 09 07 59.8 -43 25 57 2.2 Suhail
09 11 04.4 -44 52 04 5.0 
09 11 33.4 -46 35 02 5.8 
09 11 40.9 -39 15 32 6.0 
09 12 30.5 -43 36 48 5.9 
09 13 34.5 -47 20 18 5.9 
09 14 08.2 -44 08 45 5.8 
09 14 18.0 -55 34 11 5.3 
z 09 14 24.5 -43 13 39 5.2 
k-1 09 14 57.2 -37 36 09 5.9 
l 09 15 36.8 -38 34 12 4.9 
k-2 09 15 45.1 -37 24 47 4.6 
09 16 04.0 -44 53 55 6.0 
09 16 23.0 -44 15 57 5.1 
09 16 57.1 -39 24 05 5.3 
K 09 18 05.9 -51 03 03 5.3 
09 18 42.4 -51 33 38 5.9 
09 20 29.7 -37 34 54 6.0 
09 21 50.1 -55 30 54 5.6 
09 21 50.9 -42 11 41 5.6 
Kappa 09 22 06.8 -55 00 39 2.5 Markeb
09 22 24.0 -46 02 51 5.7 
I 09 26 18.0 -53 22 44 5.1 
09 30 05.1 -51 31 02 5.4 
Psi 09 30 42.1 -40 28 01 3.6 
N 09 31 13.4 -57 02 04 3.2 Marut
09 32 19.3 -40 38 58 5.4 
09 33 44.6 -49 00 18 5.4 
L 09 34 08.8 -51 15 19 5.0 
M 09 36 49.7 -49 21 18 4.3 
09 37 12.7 -53 40 07 5.5 
y 09 38 01.4 -43 11 27 5.5 
09 41 47.9 -55 12 50 6.0 
O 09 43 42.3 -53 53 29 5.5 
09 46 30.4 -44 45 18 5.6 
09 48 40.1 -56 24 43 6.0 
u 09 49 57.2 -45 43 58 5.1 
09 50 42.0 -46 56 02 5.7 
09 51 19.8 -46 11 38 5.6 
m 09 51 40.7 -46 32 52 4.6 
09 53 50.1 -51 08 48 5.9 
09 54 17.7 -45 17 01 5.8 
09 54 51.3 -50 14 38 5.7 
Phi 09 56 51.8 -54 34 04 3.5 
10 06 11.2 -47 22 12 5.1 
Q 10 08 56.3 -51 48 41 4.9 
10 10 37.7 -41 42 54 6.0 
10 13 22.9 -51 13 59 5.3 
10 13 28.0 -51 45 21 5.8 
q 10 14 44.3 -42 07 19 3.8 
10 15 31.5 -43 06 44 5.6 
10 18 28.3 -41 40 07 6.0 
10 18 38.2 -56 06 38 5.8 
10 19 36.8 -55 01 46 4.6 
10 20 16.7 -47 41 57 5.6 
J 10 20 54.8 -56 02 36 4.5 
r 10 22 19.6 -41 39 00 4.8 
10 26 48.9 -54 52 38 5.6 
Y 10 31 22.2 -53 42 58 4.9 
s 10 31 57.4 -45 04 00 5.3 
10 32 33.6 -44 37 06 5.9 
t 10 32 56.9 -47 00 12 5.0 
p 10 37 18.3 -48 13 32 3.8 
x 10 39 18.4 -55 36 12 4.3 
Mu 10 46 46.1 -49 25 12 2.7 Al-Haram 
10 46 46.3 -49 25 11 5.5 
10 46 57.5 -56 45 26 5.1 
10 57 07.9 -50 45 54 5.9 
10 59 59.4 -43 48 26 5.8 
i 11 00 09.2 -42 13 33 4.4 
11 04 31.3 -47 40 45 5.7 