Delta 16 14 20.8 -03 41 38 2.7 Yed-Prior
Epsil 16 18 19.2 -04 41 33 3.2 Yed-Posterior
Psi 16 24 06.2 -20 02 14 4.5 
Rhô 16 25 35.2 -23 26 50 4.6 
Khi 16 27 01.4 -18 27 22 4.3 
16 27 43.5 -07 35 51 5.2 
Upsil 16 27 48.2 -08 22 18 4.6 
16 28 34.0 00 39 55 5.4 
16 29 46.9 -14 33 03 5.7 
Lambd 16 30 54.8 01 59 03 3.9 Marfik
Phi 16 31 08.4 -16 36 46 4.3 
Oméga 16 32 08.2 -21 27 59 4.4 
16 36 21.2 -02 19 26 5.8 
Dzêta 16 37 09.5 -10 34 02 2.6 Fieht
16 41 34.4 -17 44 32 4.9 24-Sco
16 41 42.5 01 10 52 5.7 
16 41 53.7 -19 55 28 5.6 
16 45 29.7 01 01 13 6.0 
16 48 27.0 -14 54 34 6.0 
16 49 50.0 -10 46 58 4.6 
16 51 24.9 01 12 58 5.5 
16 53 25.3 -20 24 56 5.9 
Iota 16 54 00.5 10 09 56 4.4 
16 54 35.7 -06 09 14 5.2 
16 56 48.0 -23 09 01 5.9 
16 57 03.9 -19 32 25 6.0 
Kappa 16 57 40.3 09 22 30 3.2 Helkath
16 59 57.7 -25 05 32 5.9 
17 00 09.5 -24 59 20 5.7 
17 01 03.6 -04 13 21 4.8 
17 05 16.8 00 42 12 6.0 
17 05 32.3 -00 53 31 5.6 
17 08 14.9 -17 36 32 6.0 
17 09 47.9 -10 31 23 5.4 
Eta 17 10 22.7 -15 43 31 2.4 Sabik
17 12 27.8 10 35 07 5.3 
17 15 20.3 -14 35 03 6.0 
A 17 15 21.2 -26 35 59 4.5 
17 16 31.7 01 12 38 5.9 
17 16 36.7 -00 26 43 4.7 
Omicr 17 18 00.7 -24 17 13 5.1 
e 17 18 37.0 10 51 53 5.0 
Ksi 17 21 00.2 -21 06 45 4.4 
Thêta 17 22 00.6 -24 59 58 3.3 Emad
17 23 21.6 -28 08 34 5.3 
17 23 57.6 08 51 09 5.8 
17 24 42.0 -21 26 29 5.8 
b 17 26 22.2 -24 10 30 4.2 
Sigma 17 26 30.9 04 08 25 4.3 
17 26 37.9 -05 05 11 4.5 
d 17 27 21.3 -29 52 00 4.3 
17 27 37.6 -29 43 28 6.0 
17 28 49.7 00 19 50 5.4 
17 30 23.9 -01 03 45 5.4 
17 31 21.3 02 43 28 5.6 
c 17 31 25.0 -23 57 45 4.8 
17 31 44.4 -26 16 11 6.0 
17 33 29.9 -05 44 40 5.6 
f 17 34 36.7 09 35 12 5.8 
Alpha 17 34 56.0 12 33 38 2.1 Rasalhague
Mu 17 37 50.7 -08 07 07 4.6 
17 41 32.3 06 18 47 6.0 
17 43 25.9 -21 40 59 4.9 
Bêta 17 43 28.4 04 34 01 2.8 Cebalrai
Gamma 17 47 53.6 02 42 27 3.7 Al-Durajah
17 52 35.5 01 18 18 5.9 
17 53 14.3 06 06 05 5.8 
17 56 18.4 00 40 13 5.8 
17 56 47.7 -04 04 54 5.4 
17 57 04.3 00 04 00 5.9 
Nu 17 59 01.6 -09 46 24 3.3 Sinistra
17 59 36.8 -04 49 15 5.8 
18 00 15.8 04 22 07 4.8 
18 00 38.7 02 55 54 4.0 Fellah
18 01 45.2 01 18 18 4.4 
Tau 18 03 04.9 -08 10 49 4.8 
p 18 05 27.2 02 30 09 4.1 
18 07 18.4 08 44 02 4.6 
18 07 21.0 09 33 49 3.7 Phorbaceus
18 09 33.9 03 59 36 5.7 
18 09 54.0 03 07 13 5.7 
18 10 40.3 03 19 27 5.5 
18 19 09.6 07 15 35 5.4 
18 20 52.1 03 22 38 4.8 
18 22 35.3 12 01 47 6.0 
18 25 38.8 08 01 55 5.7 
18 36 27.8 09 07 22 5.4 
18 36 39.1 06 40 20 5.4 