04 44 25.8 11 08 46 5.4 
04 46 01.7 11 42 20 5.3 
04 48 44.6 03 35 19 6.0 
Pi-3 04 49 50.1 06 57 40 3.2 Tabit
Pi-2 04 50 36.7 08 54 01 4.3 
Pi-4 04 51 12.4 05 36 18 3.7 
Omicr1 04 52 32.0 14 15 03 4.7 
04 53 22.8 02 30 30 5.3 
Pi-5 04 54 15.1 02 26 26 3.7 
g 04 54 46.9 11 25 34 5.2 
04 54 47.8 07 46 45 5.3 
04 54 50.7 00 28 02 6.0 
Pi-1 04 54 53.7 10 09 04 4.6 
04 55 50.2 15 02 25 5.8 
Omicr2 04 56 22.3 13 30 52 4.1 
Pi-6 04 58 32.9 01 42 51 4.5 
05 01 50.4 00 43 20 5.9 
05 04 34.1 15 24 15 4.7 
05 04 54.5 -03 02 23 6.0 
05 05 23.7 01 10 39 5.9 
i 05 07 52.9 08 29 55 5.4 
h 05 09 19.6 09 49 47 5.4 
05 09 42.0 15 35 50 4.8 
05 11 19.1 -02 29 27 5.9 
05 11 41.6 16 02 44 5.2 
05 11 45.4 01 02 13 6.0 
05 12 48.1 -06 03 26 5.9 
Rhô 05 13 17.5 02 51 41 4.5 
Bêta 05 14 32.3 -08 12 06 0.3 Rigel
05 14 44.1 05 09 22 5.5 
05 16 04.1 11 20 29 5.5 
Tau 05 17 36.4 -06 50 40 3.6 
05 19 11.2 02 35 45 5.3 
05 21 31.8 -00 24 59 5.7 
05 21 43.6 08 25 43 5.8 
o 05 21 45.7 -00 22 57 4.7 
m 05 22 50.0 03 32 40 5.0 
05 23 42.3 -00 09 35 5.7 
e 05 23 56.8 -07 48 29 4.1 
Eta 05 24 28.6 -02 23 50 3.4 
p 05 24 28.9 -00 53 30 5.1 
Psi-1 05 24 44.8 01 50 47 4.9 
05 25 01.7 -10 19 44 5.6 
Gamma 05 25 07.9 06 20 59 1.6 Bellatrix
Psi-2 05 26 50.2 03 05 44 4.6 
05 29 23.7 -03 26 47 5.8 
05 29 44.0 -01 05 32 4.7 
05 29 54.8 01 47 21 5.7 
05 30 26.2 15 21 38 5.9 
A 05 30 47.0 05 56 54 4.2 
n-1 05 31 14.5 03 17 32 5.7 
Upsil 05 31 55.9 -07 18 05 4.6 
Delta 05 32 00.4 -00 17 57 2.3 Mintaka
05 32 41.4 -01 35 31 5.3 
05 33 31.4 -01 09 22 5.4 
05 33 54.3 14 18 20 5.6 
05 34 04.1 -01 28 13 5.9 
n-2 05 34 16.8 03 46 01 5.3 
Phi-1 05 34 49.2 09 29 23 4.4 Khad Prior
05 35 01.0 -06 00 33 5.6 
05 35 02.7 -06 00 07 4.8 
Lambd 05 35 08.3 09 56 03 3.4 Meissa
05 35 13.2 10 14 24 5.6 
Thêta1 05 35 16.5 -05 23 23 5.1 Trapèze
Thêta2 05 35 22.9 -05 24 58 4.7 
c 05 35 23.2 -04 50 18 4.6 
Iota 05 35 26.0 -05 54 36 2.8 Hatysa
05 35 39.5 -04 51 22 5.2 
Epsil 05 36 12.8 -01 12 07 1.7 Alnilam
05 36 35.7 -06 03 53 5.7 
Phi-2 05 36 54.3 09 17 29 4.1 Khad Posterior
05 37 04.4 11 02 06 6.0 
05 37 27.4 -05 56 18 6.0 
05 38 01.1 07 32 29 5.9 
05 38 38.0 -06 34 26 5.9 
Sigma 05 38 44.8 -02 36 00 3.8 
d 05 38 53.1 -07 12 46 4.8 
Oméga 05 39 11.1 04 07 17 4.5 
05 39 31.2 -03 33 53 6.0 
Dzêta 05 40 45.5 -01 56 33 1.7 Alnitak
05 40 50.7 -01 07 44 4.9 
05 41 05.6 00 20 16 5.9 
b 05 42 28.7 01 28 29 4.9 
05 42 53.9 -06 47 47 6.0 
05 46 35.0 01 10 07 5.9 
05 46 52.2 09 31 21 5.8 
Kappa 05 47 45.4 -09 40 11 2.1 Saiph
05 48 00.2 06 27 15 5.3 
05 50 02.7 09 52 16 5.8 
05 50 13.1 04 25 25 5.9 
05 50 30.0 02 01 29 6.0 
05 51 22.0 -07 31 05 5.3 
05 52 07.7 -09 02 31 6.0 
05 52 23.4 19 52 04 6.0 
05 52 26.4 01 51 19 4.8 
Khi-1 05 54 23.1 20 16 35 4.4 
05 54 44.0 00 58 07 6.0 
05 54 56.7 19 44 59 5.9 
Alpha 05 55 10.3 07 24 25 0.5 Bételgeuse
05 55 30.2 -04 36 59 5.9 
05 56 28.0 09 30 34 6.0 
05 56 49.4 11 31 16 5.9 
05 58 24.4 01 50 14 5.9 
05 58 49.6 00 33 11 5.2 
05 58 53.2 12 48 30 5.7 
06 00 03.3 -03 04 27 4.5 
Mu 06 02 23.0 09 38 51 4.1 
06 03 27.4 19 41 26 5.1 
Khi-2 06 03 55.2 20 08 18 4.6 
06 04 58.2 05 25 12 5.7 
06 04 58.4 04 09 31 5.6 
Nu 06 07 34.3 14 46 07 4.4 Thabit
06 08 57.9 02 29 59 5.7 
06 11 27.9 13 38 19 6.0 
Ksi 06 11 56.4 14 12 32 4.4 
06 12 01.3 19 47 26 5.8 
f-1 06 12 03.3 16 07 50 5.0 
06 13 54.2 -03 44 29 5.8 
06 14 28.6 17 54 23 5.9 
06 14 50.9 19 09 25 5.2 
06 15 08.5 13 51 04 5.9 
f-2 06 15 25.1 16 08 36 5.3 
06 15 34.4 -00 30 42 5.6 
06 15 45.0 12 33 04 5.5 
k 06 16 26.6 12 16 18 5.0 
l 06 17 06.6 09 56 33 5.4 
06 17 16.2 05 05 59 5.7 
06 19 59.6 -02 56 40 4.9 
06 20 04.2 14 39 04 5.7 
06 22 36.4 12 34 13 6.0 