21 21 04.2 23 51 23 5.6 34-Vul
21 22 05.1 19 48 16 4.1 
21 28 59.8 22 10 46 5.9 
21 29 56.9 23 38 20 4.5 
21 37 45.4 19 19 07 5.4 
21 38 31.9 05 46 18 5.7 
21 39 01.1 20 15 56 5.8 
21 42 15.4 05 40 49 5.3 
Epsil 21 44 11.1 09 52 30 2.4 Enif
21 44 30.7 17 21 00 4.3 
21 44 31.2 14 46 20 6.0 
Kappa 21 44 38.7 25 38 42 4.1 Jih 
21 46 04.4 22 56 56 5.3 
21 47 14.0 02 41 10 5.6 
21 49 50.7 30 10 27 5.1 
21 50 08.6 17 17 09 5.3 
21 51 34.2 19 49 36 5.8 
21 52 30.0 28 47 37 5.5 
21 53 03.8 25 55 30 5.1 
21 53 37.4 19 40 06 5.7 
21 56 56.4 12 04 35 5.5 
22 00 07.9 06 43 03 6.0 
22 01 05.3 13 07 12 5.6 
22 01 09.2 08 15 26 5.6 
22 03 19.0 11 23 12 5.8 
22 05 11.3 26 40 25 5.7 
22 05 34.7 28 57 50 5.7 
Nu 22 05 40.7 05 03 30 4.9 
Iota 22 07 00.5 25 20 42 3.8 
22 07 28.5 19 28 32 5.7 
22 07 50.3 21 42 11 5.8 
Pi-1 22 09 13.7 33 10 21 5.6 
Pi-2 22 09 59.3 33 10 42 4.3 
Thêta 22 10 11.8 06 11 52 3.5 Baham
22 10 37.5 11 37 29 5.8 
22 11 51.3 16 02 26 5.9 
22 12 08.1 24 57 02 5.9 
22 12 47.8 34 36 17 5.3 
22 13 38.7 28 36 29 5.9 
22 20 27.6 05 47 22 5.4 
22 21 19.3 28 19 50 4.8 
22 21 31.1 12 12 19 4.8 
22 26 37.2 04 23 37 5.8 
22 27 46.2 31 50 24 6.0 
22 27 51.5 04 41 47 4.8 
22 29 08.0 09 07 45 5.6 
22 29 10.2 26 45 48 5.8 
22 29 57.9 04 25 55 5.5 
22 30 01.8 32 34 22 5.6 
22 38 52.6 19 31 21 5.8 
22 40 52.5 14 32 56 5.7 
Dzêta 22 41 27.7 10 49 53 3.4 Homam
Omicr 22 41 45.4 29 18 28 4.8 
22 41 57.4 14 30 59 5.9 
Eta 22 43 00.1 30 13 17 2.9 Matar
Lambd 22 46 31.8 23 33 56 4.0 Sadalpheretz
Ksi 22 46 41.4 12 10 27 4.2 
Mu 22 50 00.1 24 36 06 3.5 Sadalbari
Sigma 22 52 23.8 09 50 08 5.2 
22 53 02.3 16 50 29 5.9 
Rhô 22 55 13.6 08 48 58 4.9 
22 57 27.9 20 46 07 5.4 
22 59 11.8 11 43 44 5.8 
Bêta 23 03 46.3 28 04 57 2.5 Scheat
Alpha 23 04 45.6 15 12 19 2.5 Markab
23 07 00.3 09 24 34 4.5 
23 07 06.7 25 28 06 4.8 
23 07 28.6 21 08 04 6.0 
23 09 31.5 08 40 38 5.1 
23 10 01.5 09 49 20 5.4 
23 10 42.6 17 35 40 5.7 
23 11 44.2 08 43 12 5.1 
23 13 26.5 11 03 54 5.8 
Tau 23 20 38.2 23 44 25 4.6 Salm
23 20 49.5 30 24 54 5.6 
23 21 54.9 31 48 45 5.3 
23 23 04.6 12 18 50 5.1 
23 24 50.8 32 23 06 5.6 
Upsil 23 25 22.7 23 24 14 4.4 
23 27 40.4 25 10 03 6.0 
23 29 09.3 12 45 38 4.5 
23 33 28.1 22 29 56 5.4 
23 33 57.2 31 19 31 5.0 
23 34 38.2 33 29 50 5.6 
23 37 56.8 18 24 02 5.5 
23 39 55.0 09 40 38 6.0 
23 43 22.4 10 19 53 5.1 
23 43 59.4 29 21 42 4.9 
23 49 39.4 28 50 32 6.0 
23 51 21.3 09 18 49 5.8 
Phi 23 52 29.3 19 07 13 5.1 
23 52 37.1 10 56 50 5.3 
Psi 23 57 45.5 25 08 29 4.7 
00 02 09.6 27 05 04 5.8 
00 05 41.9 13 23 47 5.5 
00 09 02.3 18 12 43 5.6 
Gamma 00 13 14.1 15 11 01 2.8 Algenib
Khi 00 14 36.1 20 12 24 4.8 