Phi 01 43 39.6 50 41 20 4.0 
01 50 57.1 51 56 01 6.0 
01 51 59.3 55 08 51 5.5 
01 52 09.4 50 47 34 5.7 
01 58 33.5 49 12 15 5.7 
g 02 02 18.1 54 29 15 5.0 
02 08 40.6 58 25 25 5.7 
02 17 59.8 57 53 59 5.7 
02 18 04.6 57 30 59 6.0 
i 02 22 21.4 55 50 44 5.2 
02 42 14.9 40 11 40 4.9 
02 42 59.5 53 31 34 5.8 
02 43 02.8 55 06 22 5.8 
02 44 05.2 44 17 49 5.4 
Thêta 02 44 11.7 49 13 43 4.1 
02 50 34.9 38 19 08 4.2 
Eta 02 50 41.8 55 53 44 3.8 Miram
02 51 30.8 35 03 36 4.6 
02 51 41.8 46 50 31 5.9 
02 53 42.6 38 20 16 5.3 
Tau 02 54 15.5 52 45 45 3.9 
02 56 33.3 47 09 50 6.0 
02 57 17.3 31 56 03 5.1 
02 58 02.3 38 36 54 6.0 
Pi 02 58 45.7 39 39 46 4.7 Gorgonea-Secunda
02 59 03.7 35 10 59 4.9 
02 59 39.9 41 01 59 5.9 
02 59 49.8 47 13 14 5.5 
03 00 52.2 52 21 06 5.2 
Gamma 03 04 47.8 53 30 23 2.9 Seid
Rhô 03 05 10.5 38 50 26 3.4 Gorgonea-Tertia
k 03 05 32.4 56 42 20 4.8 
Bêta 03 08 10.1 40 57 20 2.1 Algol
Iota 03 09 02.9 49 36 49 4.0 
Kappa 03 09 29.6 44 51 28 3.8 Misam
Oméga 03 11 17.4 39 36 42 4.6 Gorgonea-Quarta
03 13 23.9 48 10 37 5.9 
03 15 48.0 57 08 26 5.8 
03 16 12.2 50 56 16 5.0 
03 16 35.2 32 11 03 6.0 
03 17 45.7 39 17 00 6.0 
03 17 47.3 44 01 30 5.5 
03 18 37.7 50 13 20 5.2 
03 18 43.8 34 13 22 4.8 
03 19 07.6 50 05 42 5.0 
l 03 21 26.6 43 19 47 4.9 
03 21 52.4 49 04 16 5.9 
03 23 13.2 49 12 48 5.3 
Alpha 03 24 19.3 49 51 40 1.8 Mirfak
03 24 29.7 33 32 10 5.8 
03 28 03.1 49 03 47 5.0 
03 28 20.7 33 48 28 5.7 
03 28 52.3 49 50 54 5.6 
03 29 22.0 49 30 32 4.7 
Sigma 03 30 34.5 47 59 43 4.3 
03 30 36.9 48 06 13 5.8 
03 32 08.6 48 01 25 5.5 
03 32 26.3 46 03 25 5.3 
03 32 40.0 35 27 42 5.9 
03 33 35.0 39 53 59 5.8 
Psi 03 36 29.4 48 11 34 4.3 Seif
03 41 07.8 37 34 49 5.5 
o 03 42 22.6 33 57 54 5.0 
Delta 03 42 55.5 47 47 16 3.0 Adid-Borealis
Omicr 03 44 19.1 32 17 18 3.9 
03 44 31.4 36 27 37 5.6 
Nu 03 45 11.6 42 34 43 3.8 Adid-Media
03 45 59.2 45 40 55 5.7 
03 49 08.1 43 57 47 6.0 
n 03 49 32.7 33 05 29 5.1 
03 50 04.5 44 58 05 5.7 
03 51 53.7 34 21 33 5.8 
03 53 38.7 48 39 02 5.7 
Dzêta 03 54 07.9 31 53 01 2.9 Atik
03 55 58.2 47 52 17 5.4 
03 56 28.7 35 04 51 5.5 
A 03 56 36.4 50 41 44 5.3 
Epsil 03 57 51.2 40 00 37 2.9 Adid-Australis
Ksi 03 58 57.9 35 47 28 4.0 Menkib
Lambd 04 06 35.1 50 21 05 4.3 
04 08 36.5 38 02 25 5.5 
c 04 08 39.7 47 42 45 4.0 
04 10 59.0 33 35 13 5.7 
f 04 14 53.3 40 29 01 4.7 
Mu 04 14 53.9 48 24 34 4.1 
b-1 04 18 14.6 50 17 44 4.6 
04 19 13.2 50 02 56 5.5 
b-2 04 20 11.5 50 55 15 5.5 
04 20 14.4 41 48 29 5.9 
04 20 24.7 34 34 00 4.9 
d 04 21 33.1 46 29 56 4.8 
04 24 29.1 34 07 51 5.7 
04 24 37.4 33 57 36 5.8 
04 26 06.3 31 26 21 5.3 
e 04 36 41.4 41 15 53 4.2 
04 41 24.1 48 18 04 5.6 
04 41 50.1 38 16 50 6.0 
04 42 54.3 43 21 55 5.3 
04 43 21.6 49 58 26 5.9 
04 46 44.5 40 18 46 6.0 
04 49 54.7 37 29 17 4.9 1-Aur